1003.472839
1004.376648
1003.266174
1003.293518
1005.424988
1003.480896
1003.718689
1007.234314
1003.369080
1003.855896
1005.464050
1004.441711
1002.105042
1003.748962
1003.928528
1004.442444
1007.119324
1005.859192
1007.962097
1005.532654
1002.960388
1003.890198
1003.004333
1002.399109
1004.943176
1002.496277
1004.140198
1003.797546
1004.715881
1004.871033
997.541260
1008.924622
1011.153259
994.648254
1014.875793
1005.996765
1000.035217
1020.441467
1000.395935
1002.571594
1013.406555
992.996399
1005.655701
1003.316833
989.656189
1007.599426
999.369568
998.946594
1012.335388
1002.396301
1011.110901
1010.957336
1003.849548
1014.966736
1003.113831
1002.248718
1010.297546
994.444885
1000.997620
1001.199280
993.821716
1005.486023
1000.396423
1000.820129
1011.548157
1001.401550
1009.680969
1011.455750
997.712463
1010.810242
1004.411316
999.143982
1007.960510
995.107605
999.039673
1003.436218
994.682617
1005.845886
1003.359314
998.442566
1011.953674
1004.036194
1004.097961
1012.328064
1001.489685
1007.167908
1006.004578
1000.286072
1006.388611
999.556335
997.850708
1005.417419
997.125793
1003.166443
1006.989197
1001.484802
1007.934509
1004.924255
1006.571228
1009.854187
1001.679382
1004.458801
1004.757874
998.355957
1004.633484
1002.505432
1001.733215
1005.556946
1002.214905
1006.099670
1007.520569
1003.244568
1009.489075
1006.700867
1003.606995
1008.493225
1003.375427
1002.589294
1003.126770
999.229553
1003.336609
1002.832214
1002.525208
1007.118347
1004.045349
1006.218201
1009.442566
1003.199646
1003.986389
1004.924988
1002.826599
1004.215881
1002.861267
1003.091858
1003.638000
1003.285461
1004.099182
1003.079895
1001.473083
1004.604431
1006.028748
1003.482971
1002.157532
1002.042664
1004.510925
1003.795837
1002.954651
1005.727112
1001.666321
1000.658752
1004.768494
1003.486145
1003.296204
1004.368713
1004.142273
1004.635559
1005.287170
1005.448303
1005.418762
1003.304016
1005.293396
1005.340149
1002.510315
1004.144104
1004.441223
1002.926819
1003.216736
1003.410217
1003.553528
1004.640198
1001.908997
1003.981262
1001.816101
1002.583435
1005.248840
1004.720886
1004.659729
1003.323181
1002.722473
1003.241150
1003.529236
1004.515076
1006.930237
1004.879944
1006.088806
1006.438660
1004.221863
1003.867004
1006.775330
1005.684875
1004.155945
1004.093933
1005.668274
1006.319031
1003.262268
1002.440369
1005.761292
1004.414001
1002.908142
1004.874695
1005.319641
1003.751892
1003.378113
1006.071350
1003.713806
1001.420227
1004.220276
1005.491394
1003.106628
1002.912903
1004.246033
1003.647644
1002.381042
1003.670471
1005.231873
1004.743713
1003.657410
1005.903259
1004.885315
1002.596497
1005.859314
1005.222717
1006.258118
1005.480164
1005.117249
1007.099915
1004.925598
1004.168640
1006.341248
1002.570129
1002.076965
1005.736267
1005.556824
1002.589172
1002.754089
1002.952454
1003.564148
1003.194885
1005.303406
1004.909851
1004.268738
1006.466370
1007.547546
1005.375427
1006.008484
1005.079163
1003.669739
1002.825867
1004.951477
1004.758240
1003.181335
1003.001770
1006.540955
1006.512390
1004.822571
1006.715881
1004.655945
1003.422058
1003.035706
1002.500671
1003.771301
1003.595642
1001.846008
1004.493591
1001.855652
1002.723938
1004.898621
1003.182068
1003.497864
1002.724304
1001.919128
1002.034485
1001.849548
1003.078552
1003.859192
1004.069275
1005.472717
1003.967590
1004.016907
1004.880310
1004.832214
1005.595276
1002.870544
1003.885681
1007.466248
1003.976013
1000.534119
1004.035461
1002.207214
1001.562927
1003.141541
1002.593689
1003.489075
1007.231995
1006.343689
1007.304993
1006.042786
1005.563416
1005.976257
1003.463440
1002.033752
1002.892517
1002.656677
1000.892151
1003.483337
1004.594666
1004.342468
1004.570740
1007.196960
1003.718201
1003.062073
1004.082947
1004.968811
1004.443176
1003.199890
1004.994446
1004.911804
1002.929504
1004.936218
1006.639954
1004.629089
1005.164978
1005.789124
1003.977844
1004.508850
1004.632507
1005.047180
1005.354675
1004.091858
1007.237366
1004.990051
1003.759338
1004.830872
1004.703308
1002.994934
1001.310608
1004.094177
1002.162781
997.064392
996.747192
998.671936
997.368469
999.202271
1004.817566
1009.114563
1013.273743
1017.403503
1019.344177
1018.435486
1016.301697
1014.320496
1008.924377
1001.233093
995.076904
992.104919
988.732178
989.657227
995.755920
1001.136536
1005.754456
1010.946350
1015.275574
1014.977234
1016.682800
1016.733826
1011.769348
1003.168762
1000.585022
997.280762
993.327820
992.783997
992.581116
996.764099
1002.388855
1004.696960
1008.539490
1010.039490
1012.005188
1013.229797
1009.842468
1002.562927
1003.598328
999.128662
995.181213
995.715698
995.335999
997.938171
999.436951
1001.498474
1004.754089
1007.047058
1007.534485
1009.948303
1009.114807
1006.824158
1006.460632
1004.820740
1000.899231
998.159180
1000.079163
1002.821472
1001.938171
1003.985535
1007.182434
1005.334534
1007.666931
1011.289246
1010.197083
1010.373840
1007.673767
1005.980530
1005.123230
1000.820251
1001.233826
1001.004089
999.731995
1001.855286
1003.073547
1003.809509
1003.559875
1004.059387
1005.672058
1007.300354
1005.772156
1006.034973
1004.603699
1002.176941
1001.865662
1000.319763
1000.996033
1003.315491
1004.987366
1005.876892
1004.490417
1006.324402
1006.981750
1006.440002
1009.304382
1007.420837
1005.159119
1004.986145
1006.579407
1003.238220
1002.711487
1001.075012
1004.006775
1004.138977
1003.167908
1002.434143
1002.184021
1002.334534
1003.304626
1005.372620
1003.300476
1003.886169
1002.644226
1002.071350
1000.877869
1002.870789
1003.778259
1002.868469
1002.787170
1003.666687
1002.714417
1001.861267
1003.899841
1005.513611
1005.188660
1003.816223
1005.186829
1005.102722
1003.215027
1001.726257
1004.052429
1004.355164
1005.256897
1007.406555
1005.246521
1003.975525
1004.820862
1006.871033
1006.015198
1003.258118
1001.692810
1002.051941
1000.231262
1000.864685
1002.150452
1000.094666
1000.571350
1004.329895
1004.808533
770.310791
809.888123
971.193542
981.776794
1049.904419
978.699280
938.243896
1009.727966
1057.810791
990.337158
997.728882
1027.934570
1005.381653
1001.243103
999.266174
993.983093
1004.581482
1000.301453
993.479004
1006.379944
1010.361267
1005.240051
1004.625305
1009.698181
1007.954285
1001.549500
1001.618225
1006.266052
1004.144348
995.411438
994.279053
1000.567566
987.694946
1011.304626
991.965027
990.536804
1021.811951
1005.875793
1007.279236
1018.046448
994.256531
1006.282532
1008.001160
998.036621
1014.355408
1002.474670
995.941284
1009.401794
997.132446
1000.734680
1010.275818
997.087524
1004.149475
1005.830383
999.443909
1008.839783
1003.394714
1002.019226
1008.794617
998.931519
1005.040710
1007.992737
998.014160
1003.879456
1003.307800
1000.064026
1005.979553
1002.227112
1005.130066
1009.722595
1003.370300
1007.945129
1007.952454
1000.461975
1008.676575
1006.003113
1003.133118
1006.761536
996.760559
842.558472
993.985352
1009.302795
1016.291199
1042.747192
949.804993
973.405151
1035.596436
1036.916138
996.721436
1007.696350
1024.162964
1004.097351
997.322144
1002.734680
996.887390
994.045532
996.918518
1002.054504
1003.839783
1005.918274
1010.861633
1012.133972
1009.204773
1003.386658
1005.737732
1007.793152
999.887146
995.087463
998.140564
997.235291
1005.668762
1013.188538
1003.131409
994.322754
1014.732239
982.660156
988.773926
1019.799011
997.450195
1011.846252
1025.636719
1004.576233
1008.631287
1001.812439
990.664368
999.270691
1000.809998
1001.075256
1009.279114
1004.998962
999.580383
1005.564758
1006.609802
1000.657166
1010.018494
1005.899597
1000.436340
1008.570007
1001.978943
999.598450
1006.343689
1001.492249
1003.653137
1003.644348
999.183960
1006.656921
1004.960510
1000.525452
1005.683044
1005.503357
1002.693909
1008.268982
1006.626038
1002.284485
1004.578308
1004.695984
1000.752014
1005.360779
1002.868958
1001.762146
1004.902039
1000.482239
1003.480774
1007.948059
1001.242737
1003.577698
1004.300964
1000.344910
1003.850647
1006.726990
1004.941467
1005.256531
1007.663879
1004.254089
1004.018372
1005.191833
1004.835754
1006.326477
1003.263489
1001.584045
1004.482483
1001.472351
1000.575745
1005.408264
1004.444885
1002.887268
1004.323303
1003.899353
1003.655701
1004.193298
1004.497620
1003.362976
1003.785828
1005.017883
1005.672302
1004.596741
1001.379822
1005.912292
1006.502258
1003.799622
1006.563904
1008.707336
1005.189880
1004.322693
1002.999939
1003.883728
1004.486389
1004.565979
1004.912537
1005.248352
1004.424255
1003.202332
1004.939270
1002.153992
1003.940002
1005.769104
1003.316101
1003.236877
1005.395081
1005.212097
1003.119324
1003.630554
1003.742126
1001.973694
1003.230408
1004.817444
1003.498108
1002.116394
1002.395569
1004.809509
1003.610413
1002.243103
1003.577087
1005.305481
1005.097839
1003.629578
1003.137268
1003.416809
1000.884216
1004.711975
1004.403992
999.801453
1004.640808
1003.793396
1004.353333
1006.251892
1003.693054
1005.444275
1003.632019
1005.852722
1007.887512
1005.065125
1004.528137
1003.742126
1003.809509
1001.546082
1002.991638
1006.407043
1003.438538
1006.092834
1007.437805
1006.157654
1006.789856
1005.798401
1006.630310
1006.681213
1004.601013
1006.019104
1005.402771
1003.835510
1006.377258
1005.023010
1003.229187
1001.505798
1003.311096
1005.641174
1004.443298
1004.919250
1006.175232
1005.469299
1005.422058
1003.912659
1004.996643
1002.217834
1003.931213
1003.435242
1000.693542
1001.765686
1004.864197
1004.936707
1004.116516
1004.209900
1005.172668
1003.232239
1003.740173
1007.554016
1005.964050
1005.837219
1003.421692
1003.364441
1002.820740
1002.062683
1004.447449
1003.425232
1001.787903
1003.719543
1005.997253
1001.596252
1003.232117
1005.283630
1004.448914
1004.929016
1004.752869
1003.250305
1002.958557
1002.642517
1002.740417
1004.699646
1004.409851
1003.321472
1005.666199
1004.549866
1003.168640
1004.794739
1003.835388
1003.716248
1006.261536
1006.393616
1004.232727
1001.504333
1004.830750
1004.412659
1003.268494
1003.074768
1006.777527
1007.097595
1002.405579
1003.602478
1005.055359
1002.897278
1005.263489
1006.939270
1002.195129
1002.576965
1004.020569
1003.963196
1003.704529
1006.147888
1007.172058
1005.064270
1004.755920
1002.013245
1002.939270
1005.660828
1002.830139
1003.674744
1004.291687
1003.254578
1005.541077
1005.950989
1004.272400
1005.738098
1003.907043
1001.650696
1003.119202
1002.342102
1002.506409
1005.908020
1003.985535
1000.960266
1005.302307
1003.663391
1002.525330
1004.756897
1003.550232
1003.608826
1006.145203
1004.389832
1003.484558
1002.701111
1002.379333
1005.062805
1005.476013
1001.613953
1005.079529
1004.054016
1000.733704
1003.177795
1005.712585
1002.122375
1001.653503
1004.152283
1001.102356
1000.938660
1003.414612
1003.468933
1005.656311
1004.269714
1004.644348
1005.013245
1003.073792
1002.461243
1005.798157
1003.790955
1002.917542
1005.893127
1003.792419
1002.580383
1004.866394
1006.063049
1004.380188
1005.052307
1004.911316
1004.988098
1004.575623
1003.606384
1004.808044
1002.392273
1001.162659
1003.701965
1005.597717
1002.645935
1004.856506
1005.358459
1001.570496
1003.796326
1006.570740
1005.738831
1005.191223
1004.382751
1002.559631
1005.306458
1006.108093
1006.445984
1005.645691
1003.359070
1003.985413
1005.367126
1003.542053
1003.868225
1007.801208
1005.317200
1002.832336
1005.302063
1005.437195
1002.348083
1004.228699
1003.654846
1003.371277
1005.725891
1004.581604
1004.061584
1004.988098
1003.013123
1005.302551
1005.067444
1000.404602
1001.677673
1003.114197
1001.904968
1002.628723
1004.996277
1003.715271
1004.449158
1006.814270
1006.618958
1006.802795
1005.893616
1005.857239
1005.615173
1003.284119
1004.738098
1006.115051
1004.688293
1002.883362
1007.098938
1006.568542
1006.522034
1008.033630
1006.411682
1004.290466
1003.661072
1004.408142
1005.314026
1005.537903
1003.103333
1005.156433
1005.222595
1002.565857
1004.797424
1004.242126
999.554749
1001.209412
1002.898010
1000.342834
1002.989563
1004.215271
1002.627014
1004.216980
1005.177917
1005.547424
1005.956848
1004.804260
1006.188782
1005.732605
1001.299866
1003.447205
1003.825012
1002.019836
1002.629944
1005.431213
1004.339417
1004.313049
1004.773254
1005.290100
1006.280334
1006.622375
1007.397644
1006.755066
1003.862610
1004.522034
1008.914001
1007.111755
1005.184631
1009.296570
1004.518494
1004.507019
1004.034241
1004.760315
1003.801086
1003.888123
1002.853455
1000.293274
999.383240
1000.172302
999.729187
1000.132996
1000.166199
1000.951233
1001.347229
1002.024841
1003.909729
613.012451
819.836609
976.324158
967.303284
1074.855835
961.506836
913.543518
1020.732971
1064.480469
979.880249
985.332397
1041.121338
1003.297302
989.224976
993.258362
996.801392
1000.338928
1002.517883
999.666321
1009.312317
1011.792664
1005.969055
1008.132019
1009.572571
1006.470032
1000.642273
997.591309
1009.147766
1022.845154
1006.102356
988.277954
999.423889
994.575867
967.191223
1003.490784
1021.841736
1005.770081
1023.295837
1023.975891
1003.041443
1008.284973
1005.014954
998.139099
1006.959778
999.200867
999.194458
1003.801086
992.891235
1001.576111
1006.606018
1002.227600
1008.536316
1008.078430
1003.346497
1008.226257
1005.405212
1006.249817
1005.888367
998.231018
1001.214661
1003.202576
999.651550
1008.052917
1006.262024
1004.090393
1006.393982
1004.203186
1003.846985
1006.090271
1004.453918
1006.749695
1003.311218
1001.189270
1005.224915
986.061096
647.212708
846.916504
843.398071
927.200623
1079.020386
992.539490
918.059631
1020.263000
1051.837891
989.167297
1007.232971
1026.570435
998.530762
1005.722473
994.093506
983.808716
1007.165588
997.044006
985.593201
1006.900208
1007.762634
1009.217102
1032.361328
1017.429993
1009.872742
983.224609
1013.508728
982.905579
983.051636
1015.969666
999.362854
1002.488831
1020.813416
998.591980
1000.063293
1007.699646
998.231201
1011.404358
1016.303040
1002.494934
1008.593933
1004.658997
995.220825
1005.661682
1001.411560
998.747681
1004.563904
998.043335
1000.732361
1004.061340
999.626160
1006.911316
1006.740417
1002.280212
1009.792908
1006.168640
1005.587585
1006.963928
1004.445251
1004.766418
1003.378723
1000.706848
1005.359558
1003.747864
1002.349304
1008.101746
1003.780945
1003.610168
1008.094910
1004.797424
1005.881897
1006.435852
1003.019592
1004.347839
1002.690735
1003.965759
1006.211243
1000.654114
1001.205017
1004.883728
1001.077576
1002.076965
1005.305359
1003.964661
1005.785583
1005.458313
1005.962585
1006.832947
1006.100525
1005.544739
1007.480896
1002.824524
1003.020325
1003.545471
1001.531189
1001.554504
1003.626160
1002.578796
1003.590759
1004.947449
1004.702820
1005.471497
1005.716003
1006.945984
1006.532410
1002.782166
1003.156067
1004.256653
1003.576721
1001.855530
1003.882629
1003.155823
1001.122131
1003.546692
1005.181702
1004.976990
1003.650330
1004.695374
1003.723450
1003.457336
1004.571594
1005.367004
1003.980286
1002.574646
1001.654480
1003.417786
1001.802551
1005.078796
1007.235901
1003.786804
1004.564758
1005.109436
1004.379456
1004.313538
1004.834045
1005.607849
1006.248718
1003.999573
1003.294983
1004.084167
1004.012268
1005.596252
1004.939636
1003.800476
1004.752136
1003.677185
1004.776306
1006.813660
1004.809753
1004.794983
1005.724670
1005.262512
1006.651917
1005.552063
1004.867004
1004.518616
1001.935364
1005.428284
1004.452698
1002.752869
1004.405823
1004.460022
1000.939636
1003.475647
1004.353577
1002.744324
1000.220154
1001.901306
1002.986633
1002.079895
1003.112122
1003.613708
1003.491028
1001.789490
1002.460022
1003.659485
1005.780945
1003.960266
1005.358459
1006.529480
1004.285950
1003.627258
1005.729553
1002.842224
1003.334167
1004.705994
1002.967224
1003.502991
1001.409729
1002.076843
1003.517395
1004.578552
1005.606995
1004.573303
1003.554749
1004.090515
1005.902283
1004.888855
1003.748840
1003.481873
1005.012146
1003.336365
1001.629700
1003.546692
1002.472595
999.746277
1005.233093
1006.746643
1005.119080
1007.907532
1005.234436
1004.995300
1006.406799
1005.327942
1006.945862
1005.236145
1002.681824
1004.673279
1004.091370
1002.228699
1003.534729
1004.326477
1003.543762
1004.891663
1004.026306
1003.674500
1002.818909
1003.482483
1006.129700
1005.729309
1006.106873
1006.709900
1004.569275
1003.233826
1004.318909
1004.636902
1003.435974
1004.225891
1003.021423
1004.617126
1004.270081
1004.215393
1004.978577
1005.089661
1004.421936
1003.882507
1005.771179
1005.729431
1004.255310
1004.103088
1005.207581
1005.008484
1002.760071
1005.237854
1007.305481
1005.254822
1004.046692
1003.361633
1003.166565
1006.150085
1006.525940
1006.215149
1004.451233
1004.325134
1002.442688
1001.854675
1001.985535
1003.858215
1005.554016
1003.001404
1003.857361
1006.628845
1003.360168
1004.936951
1005.345398
1004.279968
1003.499573
1004.949768
1005.677551
1005.190369
1002.404846
1002.515808
1003.711609
1003.532898
1002.777771
1002.590027
1003.721252
1002.683167
1002.063782
1001.709778
1000.695496
1003.543152
1005.237854
1007.180115
1006.940247
1005.539368
1003.781921
1002.637512
1002.269836
1004.690125
1004.404724
1003.251892
1004.959290
1004.373230
1002.543030
1003.130920
1004.814026
1003.420959
1002.518738
1004.035950
1004.518372
1005.647888
1004.816101
1005.920471
1004.938416
1001.791687
1003.380310
1005.258362
1002.279846
1005.047424
1007.354919
1005.647400
1004.248230
1004.737000
1004.518738
1002.771057
1002.755432
1002.879700
1003.125061
1002.877258
1004.625916
1003.420715
1004.132751
1005.065735
1005.408752
1005.252258
1002.851013
1004.823792
1005.049866
1002.334778
1003.168762
1003.559509
1003.932434
1003.310608
1003.906433
1007.932556
1005.122742
1003.799377
1003.133484
1001.919861
1001.253113
1003.328186
1003.129333
1002.515564
1007.182190
1006.951599
1004.847351
1004.173645
1005.391663
1005.458191
1002.048157
1003.733948
1003.978210
1002.990540
1002.219910
1004.342590
1005.607971
1003.962952
1004.096497
1003.500305
1003.025452
1002.760803
1004.811829
1005.477356
1006.447205
1006.441956
1004.938293
1003.851135
1004.756042
1005.247498
1004.999939
1004.219177
1003.309265
1005.883484
1004.263123
1003.718079
1004.698181
1004.758240
1001.172546
1004.700867
1006.835388
1006.887268
1006.101257
1007.428528
1006.583923
1004.665466
1004.040100
1006.381165
1003.689758
1001.584412
1004.457458
1004.895691
1001.855042
1003.130554
1004.625061
1005.543762
1005.371765
1005.378235
1003.403259
1004.928284
1002.799011
1004.561340
1005.537292
1005.354919
1006.523987
1006.607239
1002.204041
1002.636902
1002.453064
1001.971130
1001.792175
1003.778381
1003.899841
1003.114197
1004.024475
1005.995422
1003.206848
1004.744934
1004.571106
1003.238708
1004.315002
1005.052429
1004.931580
1001.907166
999.122375
1002.454163
1004.398132
1001.927917
1003.617004
1005.293640
1003.733582
1005.303528
1005.541931
1004.314514
1004.729187
1004.278992
1005.121521
1004.453430
1004.508240
1005.237610
1004.510559
1001.231995
1002.021179
1002.143616
1000.625061
1000.560730
1001.960266
1002.156433
1000.885559
1000.525208
1004.451477
681.078552
879.221985
956.674194
1029.925781
1010.868469
917.202148
961.721863
1074.366821
1028.029785
960.546692
1018.510803
1036.466919
987.575500
985.105896
994.579712
996.244080
998.124817
995.616821
998.895996
1012.512756
1012.483582
1004.324280
1010.346375
1015.041931
1007.650330
1015.712341
1015.149719
987.889893
979.119446
1013.748108
965.620300
986.149292
1011.480652
992.959290
1018.207336
1025.487061
1010.652161
1013.494324
1014.073792
999.117310
1001.078674
1011.854553
995.527527
1000.008850
1001.631897
985.570679
1001.187195
1004.252747
997.012817
1016.360291
1013.028381
1006.891907
1013.977600
1004.849915
1000.860291
1005.217957
1002.674988
1002.973938
1006.477356
1001.806091
998.539795
1002.447327
998.573547
1004.872498
1010.068298
1003.775085
1007.631287
1009.772400
1001.647278
1005.319397
1005.458679
1003.003845
1002.099915
999.132813
994.153198
638.071106
906.102600
940.217957
937.855042
1056.857178
963.741638
930.791870
1041.311890
1065.847534
996.712158
1003.660706
1019.073303
1012.117249
994.519165
989.572449
987.651306
991.062317
996.870117
996.051575
1000.814758
1011.275574
1012.233704
1019.062439
1052.571533
1034.041382
1037.661621
1030.075195
767.475952
1040.808228
1098.082031
851.650330
1083.877441
1042.510742
910.856934
1105.223511
996.389954
962.118774
1079.777222
977.378845
991.657043
1047.517334
978.034424
1002.215271
1016.180725
978.419189
1000.088440
1011.287292
988.947449
1003.565857
1019.511414
996.371399
1010.275452
1021.879578
988.757690
1010.049622
1013.862732
988.110352
1013.599182
1001.711609
989.396301
1011.181335
996.178345
996.091858
1011.445007
1000.889832
1006.099548
1017.549866
1008.674133
1007.698181
1013.035828
1002.881775
999.705383
1006.217957
992.545776
992.537964
999.213806
990.966736
1001.077698
1003.738953
1001.686340
1013.304504
1013.181580
1011.486145
1013.968445
1007.261536
1003.362732
1005.996277
1000.378967
994.390503
997.619446
997.290466
995.947510
1001.202698
1002.397644
1006.758850
1009.707581
1006.799622
1011.841003
1009.912659
1004.599182
1007.478577
1004.682190
999.633362
999.622864
998.448120
996.510681
1000.210144
1003.303528
1003.952698
1006.254089
1006.754333
1008.823303
1008.347717
1002.708191
1003.537048
1004.937683
998.396912
998.837280
1002.110046
999.980774
1001.242371
1001.466125
1003.236023
1005.913513
1004.455750
1005.245300
1007.577698
1006.562805
1006.260681
1005.813904
1003.471252
1005.035217
1005.362976
1001.304749
999.237305
1003.099548
1003.019348
1002.174255
1002.803650
1005.648743
1006.142883
1006.135559
1006.094299
1004.039001
1003.396057
1005.627869
1006.847229
1004.632019
1002.826233
1002.269714
1003.152893
1001.594666
1005.175354
1008.140686
1006.252747
1006.681702
1008.710876
1009.165222
1005.370056
1003.482483
1004.222473
1001.964172
1000.694275
1002.709045
1002.397888
1001.673523
1002.629944
1004.881531
1004.229553
1004.048401
1006.207458
1007.459412
1003.781555
1003.021667
1005.174500
1004.312683
1004.035950
1003.919373
1005.310486
1002.947449
1001.372253
1002.763000
1002.945129
1004.508728
1006.316345
1008.076965
1006.999207
1005.136047
1004.925842
1003.591980
1001.666809
1003.416565
1003.937195
1002.027649
1003.198425
1003.015076
1002.532410
1001.241638
1003.142761
1004.268005
1002.451599
1002.983826
1004.323914
1004.215027
1002.683777
1002.868835
1004.954529
1006.048523
1007.665100
1008.029358
1005.870544
1003.407532
1007.337219
1008.362854
1007.914368
1005.319153
1003.612732
1003.777039
1001.742493
1002.231750
1003.002747
1002.034973
1001.624329
1004.740295
1005.524109
1005.374329
1005.499939
1006.079285
1004.672791
1006.920715
1006.861755
1004.933411
1003.311462
1003.989075
1004.644958
1004.509460
1002.824646
1002.940369
1002.889709
1003.734680
1004.399963
1007.777039
1007.052063
1007.614807
1004.935608
1005.954651
1002.658997
1000.631287
1002.769958
1001.122253
1000.866760
1004.123840
1006.092102
1004.272888
1004.680969
1006.435242
1005.452332
1004.081970
1004.930237
1006.443787
1005.100159
1005.884949
1005.292664
1005.468323
1003.604797
1005.831116
1005.975891
1002.285583
1003.533630
1007.039246
1006.207092
1004.652893
1006.301575
1005.619324
1003.274231
1003.456482
1003.555969
1002.765076
1002.329773
1005.741150
1006.101868
1000.992004
1003.729919
1005.598328
1006.157898
1005.858215
1006.412048
1006.171692
1003.672058
1005.175598
1006.023499
1004.726135
1004.124817
1004.798889
1004.147156
1003.231384
1004.373962
1006.474182
1003.169861
1003.685364
1005.321472
1006.024963
1003.747131
1003.736877
1004.576721
1004.392151
1005.383850
1007.609192
1005.882385
1003.049377
1002.711975
1006.456970
1003.111267
1002.103699
1002.757874
1003.316711
1002.940857
1002.558533
1005.185120
1005.470642
1002.999329
1003.000793
1004.279480
1001.503845
1002.760193
1004.370178
1004.490784
1003.968567
1005.178528
1006.519714
1004.571838
1002.404114
1005.851746
1005.709656
1004.179871
1004.977234
1004.444763
1004.529724
1002.518982
1003.115662
1006.200867
1007.372131
1004.965515
1005.266418
1004.852600
1003.551086
1003.669373
1007.077576
1005.585632
1002.889587
1003.137512
1006.472107
1004.109436
1002.398499
1006.203308
1006.556580
1004.462097
1004.169128
1003.893616
1004.935242
1004.630554
1005.294739
1005.413513
1003.914978
1002.848206
1005.128479
1002.487854
1000.090149
1002.206116
1003.243469
1003.407288
1005.119812
1006.710388
1005.426453
1004.441467
1002.519592
1003.796326
1003.555969
1003.601746
1003.537292
1002.392151
1002.635559
1004.265686
1005.418030
1002.752380
1002.868713
1004.924377
1004.569397
1002.934509
1004.675964
1004.852234
1001.620178
1001.752747
1003.673645
1003.832214
1005.825500
1003.734314
1000.954285
1002.803284
1004.538391
1005.239929
1004.464661
1003.015076
1004.647400
1005.253601
1003.489441
1005.662415
1005.964539
1005.354431
1002.235046
1004.594788
1004.756531
1003.118103
1004.071106
1006.159851
1006.343079
1006.452087
1007.995789
1006.262146
1003.860779
1003.496887
1004.648987
1003.846619
1003.010803
1004.875305
1004.501038
1003.474670
1004.430115
1005.163879
1004.224182
101003.432556
1003.609436
1004.644592
1003.599792
1004.688538
1005.777405
1002.511658
1002.079895
1004.392639
1001.018494
1001.625061
1003.828674
1004.432434
1004.165466
1002.806335
1003.087708
1004.199280
1002.277527
1004.821106
1004.879089
1003.809509
1005.085144
1005.297058
1003.054871
1004.557434
1004.041931
1003.792175
1003.172180
1003.045227
1005.052063
1003.668884
1002.824036
1005.111633
1006.504089
1004.388977
1005.233459
1005.768982
1005.247864
1004.644836
1004.777649
1005.307922
1004.572449
1003.742981
1005.195374
1005.253845
1004.681946
1006.342346
1006.101868
1004.268250
1005.292542
1005.101624
1003.059021
1001.423035
1002.623596
1003.922668
1001.931213
1000.099060
1004.104797
1003.503479
1001.695007
1004.042053
1005.661682
1003.421082
1005.080383
1005.079773
1005.432434
1003.181580
1003.774719
1005.484802
1005.253967
1004.523987
1005.421326
1005.053528
1004.134827
1004.269470
1004.697449
1002.898743
1002.046814
1003.004822
1003.737732
1002.777039
1004.586609
1004.270325
1001.897156
1002.525940
1005.736633
1004.701965
1002.710754
1005.446716
1005.583679
1004.965393
1006.022644
1007.280334
1005.909729
1006.319397
1005.647156
1003.786926
1002.035706
1003.182678
1001.673401
1001.806335
1003.906921
1002.621155
1002.329651
1003.438293
1003.321228
1001.614685
1001.900208
1004.330261
1003.240906
1002.210022
1004.799622
1004.426941
1001.074646
1001.513489
1005.084167
1004.982117
1004.263000
1004.291199
1004.577576
1005.061584
1003.722229
1002.476868
1003.805237
1002.876770
1004.376160
1004.697693
1001.806458
1001.786682
1001.547668
1001.844055
1003.169739
1004.684998
1005.029724
1005.028870
1005.596008
1005.177185
1002.391541
1001.718323
1005.597229
1004.231018
1003.307922
1003.597473
1003.714783
1004.324280
1003.557190
1002.716248
1004.098328
1003.040344
1002.568298
1005.049500
1004.516418
1005.818909
1008.002136
1008.042175
1006.406433
1003.844055
1004.774231
1002.964417
1000.907410
1005.598938
1006.091003
1003.595276
1004.067688
1005.452820
1003.819031
1004.190979
1005.513245
1007.772278
1006.873596
1004.394714
1005.418152
1003.628967
1001.441589
1003.561829
1007.080261
1006.099060
1005.781067
1004.975403
1003.525085
1002.638855
1003.246765
1005.345398
1004.029724
1004.448059
1004.386658
1002.259338
1002.215637
1003.073792
1003.778137
1002.749573
1002.465393
1003.119324
1004.192322
1003.192932
1002.953796
1004.385315
1003.851868
1005.372986
1006.628479
1004.662903
1004.617371
1004.568420
1003.054016
1001.729797
1003.068298
1004.088684
1005.029480
1003.899963
1005.665710
1007.039124
1005.068542
1006.472351
1007.445618
1006.954895
1005.109802
1005.586731
1005.911438
1003.618591
1003.121399
1004.818298
1004.217346
1004.689270
1006.855286
1005.995544
1005.286926
1004.400208
1005.841492
1005.629700
1003.216980
1006.629333
1006.520081
1002.492126
1004.313904
1005.052917
1002.450623
1003.002625
1005.891418
1007.122131
1005.925720
1004.761047
1008.083557
1005.839661
1003.564270
1003.768494
1004.403992
1003.791199
1004.053528
1005.213196
1004.720642
1003.842712
1006.062683
1003.828918
1001.826599
1001.118469
999.974670
999.862122
999.172668
1003.629700
1005.241516
1003.184998
1004.224304
1006.528503
1005.855286
1005.608337
1005.665833
1006.272400
1004.288147
1003.551575
1005.356384
1005.941956
1004.795715
1005.901306
1005.654602
1004.518616
1004.180359
1005.064270
1005.101746
1005.004944
1007.009094
1006.520447
1005.918640
1006.864807
1005.243347
1003.916809
1002.511658
1003.598206
1004.098938
1002.825500
1002.599060
1004.608826
1004.418518
1002.513489
1005.097107
1006.264832
1002.773010
1005.771179
1005.638123
1005.892517
1004.268127
1004.619934
1004.983704
1003.337708
1004.386536
1005.727478
1002.325256
1001.273987
1003.899963
1002.893616
1004.224548
1004.828552
1003.447937
1003.975769
1002.881165
1001.631287
1004.654236
1003.825256
1004.672791
1004.799622
1002.331604
1000.512634
1004.695496
1005.198547
1004.902771
1004.570618
1006.549500
1005.517029
1002.789246
1002.453796
1003.987244
1002.882751
1004.572449
1007.056824
1004.486877
1004.436462
1003.845032
1003.638489
1001.481628
1003.475891
1006.617615
1004.315002
1003.112122
1004.007629
1004.497986
1004.157532
1003.626038
1005.488708
1005.653381
1004.980774
1005.676453
1005.662903
1003.845642
1005.261292
1004.341492
1004.087463
1003.422791
1003.783142
1006.454529
1006.819031
1006.329041
1008.202820
1006.932434
1003.726868
1005.605896
1004.702454
1001.469177
1002.081848
1002.020813
1002.759460
1004.324768
1005.239929
1004.927551
1003.586121
1002.446716
1003.719055
1001.813538
1003.754578
1005.256287
1003.675842
1003.728333
1002.704163
1004.091614
1004.914978
1002.444031
1003.182922
1007.162170
1005.145081
1004.683411
1004.776550
1003.518738
1003.356873
1003.847839
1004.020813
1004.274353
1004.232117
1005.361511
1004.998840
1005.600281
1007.063660
1006.551331
1003.939392
1003.968811
1004.218445
1004.690247
1003.214661
1002.563782
1004.194519
1003.828064
1002.628601
1003.914612
1003.136780
1003.413513
1004.006653
1005.110535
1001.190735
1001.360535
1003.426086
1002.899475
1003.552429
1006.319763
1006.813538
1003.798889
1003.675842
1002.456482
1002.516052
1001.253235
1002.464294
1004.204895
1003.413147
1004.742249
1006.340881
1005.266785
1003.752258
1005.800720
1006.946228
1006.288879
1003.783875
1004.150940
1003.976257
1003.374817
1005.550720
1005.221741
1002.592102
1002.665466
1003.366638
1003.719177
1004.558533
1006.972473
1008.384949
1005.650085
1005.441711
1006.013855
1003.854797
1005.413513
1003.390442
1002.491272
1003.530579
1000.686707
1001.914001
1003.975281
1001.005188
1003.010193
1005.325256
1003.929504
1005.191101
1003.075378
1006.588684

