966.495239
967.524963
970.437988
972.881592
974.823792
977.815002
982.541382
986.778137
990.037720
993.604248
995.252136
996.344971
994.890930
993.279724
991.234802
989.711243
987.627502
985.224548
982.078003
977.661560
972.638672
967.688232
963.775146
961.307739
960.688354
959.246033
956.396057
956.692993
955.410400
950.240601
944.666504
942.394897
942.118103
938.911377
938.326904
936.818359
934.307251
931.358459
928.614929
926.120239
919.613647
916.199646
908.613281
903.684814
899.700928
895.682739
894.632813
897.943481
901.279053
902.623352
908.154480
914.162781
921.537231
928.387512
929.989319
931.865723
932.051025
933.387878
935.082764
935.261108
935.741699
933.263733
931.379150
931.105347
933.043823
937.550171
940.885437
942.897339
942.483459
938.525879
931.432983
922.537659
914.067017
908.665649
903.733582
902.422974
900.856445
899.587219
895.180725
891.757446
883.874084
874.762268
867.280151
863.628052
864.090698
865.830200
869.169739
868.534912
866.863098
865.248352
864.783264
863.174194
862.988342
862.600647
865.881836
871.072876
877.196411
883.343506
881.501587
876.310486
864.704895
851.992004
843.214050
837.962402
834.411499
833.490417
833.619080
832.280701
833.279114
830.165771
823.664917
814.624084
805.766479
800.205322
796.433472
798.900391
807.015930
816.286499
823.588928
828.010803
830.258301
828.548706
826.624023
827.007324
825.924500
828.427795
833.157959
832.726440
833.311096
833.726135
834.614746
831.380371
825.855591
824.955322
820.447571
817.638977
816.872925
818.978455
819.167969
819.808411
819.880798
817.245056
813.446960
809.877991
803.801025
797.907410
788.482056
778.750610
769.499390
757.583435
744.972290
733.888123
725.302979
719.469604
716.658691
716.843689
719.134338
725.716248
728.254150
732.049805
738.432068
746.815430
753.000305
760.248840
766.654724
770.557983
774.191956
774.848389
774.466919
771.820313
767.084290
759.877380
751.981628
742.344727
732.977966
723.395569
714.852966
708.556335
703.664185
699.937744
696.490173
691.587585
685.877930
680.707581
678.249268
677.848755
674.449524
668.739563
660.297913
649.477051
640.600586
631.696594
622.489685
615.040100
606.754028
598.517151
591.212708
583.761597
576.765259
572.286926
568.921875
563.330872
558.593567
553.910095
551.930054
551.939453
552.024170
552.409180
551.639709
552.488586
554.887268
557.575012
559.328308
563.688293
565.161560
566.455811
567.753967
566.446106
564.038940
563.790588
564.862244
564.739929
565.644226
566.963440
565.503357
562.518066
558.811523
552.636230
545.859497
536.197266
526.520569
514.499634
505.793579
500.914612
494.885498
490.556946
484.968628
481.115143
477.105591
473.856812
467.700104
461.122772
452.620972
442.782776
430.028564
418.186829
409.165771
401.300537
397.048828
389.342773
381.212830
372.885101
366.521149
359.471313
356.592316
355.574982
356.344727
356.903656
360.665833
364.336487
367.052612
368.568665
370.261139
374.191650
375.741608
376.480469
376.391235
379.774628
387.157166
388.829376
389.184143
390.836243
391.528229
391.050201
386.909973
382.011414
374.413391
365.618866
356.060791
345.344910
334.380188
326.037933
318.653992
311.023010
303.560822
296.303558
292.295715
288.234528
283.822571
275.954010
266.487396
255.410614
245.342712
236.114838
225.741013
215.750092
207.504456
202.945770
196.982071
190.758881
183.207382
177.438370
168.366959
155.935287
143.962402
132.974518
123.643929
114.980721
109.023201
103.566185
99.593674
98.412415
99.097046
102.491394
107.368309
111.660515
116.915276
115.953972
109.251991
106.098686
99.743530
91.396263
84.705887
75.217278
67.127052
59.422028
52.392654
43.424484
36.379044
32.880363
26.493395
19.866774
14.671995
8.753748
4.073572
1.229988
-1.246161
-3.803644
-6.850206
-12.072519
-19.759747
-26.146143
-33.251320
-38.802330
-38.975105
-37.051960
-32.243004
-26.427280
-18.624573
-10.885833
-5.333164
-1.291521
1.946733
4.454885
4.078638
1.204250
-0.249025
-0.674238
-3.974688
-5.600492
-10.224768
-14.684604
-16.481310
-19.668005
-26.093674
-38.298473
-48.058296
-62.222275
-77.080490
-93.635864
-106.629509
-116.983360
-123.656166
-130.780441
-136.453781
-142.996155
-156.981491
-170.525848
-182.550659
-194.057404
-206.716721
-215.508972
-223.230469
-228.831802
-234.165771
-240.390549
-244.194855
-242.382217
-239.337845
-233.232559
-222.363068
-210.731766
-202.416901
-197.945206
-196.144562
-201.570572
-207.251770
-208.727493
-211.786804
-213.591995
-214.163773
-219.979553
-226.748108
-227.613388
-232.771744
-238.117142
-242.740707
-249.430679
-257.909027
-267.216919
-275.402924
-276.915680
-276.739838
-275.290070
-280.372009
-290.265076
-301.083038
-321.285889
-341.535522
-357.057922
-377.405182
-394.456879
-410.258545
-426.729706
-441.337067
-451.295197
-458.100922
-463.276215
-461.240753
-459.350220
-459.452545
-450.163544
-440.236359
-433.844421
-420.892456
-409.028076
-400.389709
-389.376495
-385.165222
-380.079712
-377.089630
-367.673279
-371.077362
-371.436951
-364.614716
-362.469727
-364.846283
-358.343140
-350.444611
-349.415955
-348.094910
-345.117310
-343.156647
-346.358643
-350.241272
-354.464844
-360.644104
-365.896759
-371.912445
-380.441925
-388.406494
-401.539551
-407.381073
-403.703644
-403.382324
-408.817596
-417.444763
-422.649139
-424.314087
-437.399353
-445.429596
-440.541351
-434.818726
-436.529297
-434.134033
-428.352631
-427.821014
-424.283722
-422.960449
-423.225159
-418.476532
-419.540039
-419.608795
-417.274689
-414.693695
-418.682922
-423.090576
-427.586975
-431.460175
-432.923431
-434.742493
-441.906860
-449.520172
-461.291779
-494.798096
-495.971893
-495.661285
-491.960663
-485.164185
-478.634216
-474.820251
-473.288330
-471.818451
-472.177795
-475.083618
-482.752350
-484.864960
-489.284729
-494.274170
-493.303284
-494.021454
-487.724670
-479.981415
-473.933868
-459.927856
-449.733124
-439.559082
-430.676544
-422.616455
-419.078766
-411.547607
-395.343689
-381.732635
-368.156342
-351.859283
-339.378174
-328.429932
-323.938690
-322.002655
-320.951660
-331.708649
-345.261932
-352.315186
-353.105347
-348.231110
-339.394531
-326.524567
-321.807190
-319.341888
-316.387604
-313.716522
-314.438232
-308.170593
-296.787231
-286.868866
-277.552917
-272.358948
-263.468231
-250.211487
-242.993118
-236.907455
-228.719238
-220.468933
-212.686279
-206.304062
-202.875900
-191.531570
-176.241409
-163.615234
-149.790009
-138.552963
-126.743347
-119.523438
-118.100037
-129.607620
-135.599762
-129.203491
-106.241920
-78.403351
-61.024078
-47.450073
-30.843000
-18.091274
-8.069998
-2.277813
3.359064
15.798395
29.248106
39.305321
53.331848
63.301765
63.781258
54.366905
44.517288
37.615776
33.498657
28.574369
28.107893
28.451982
30.526442
42.272629
58.176125
78.868965
96.458321
107.669014
104.891167
103.929741
123.889259
134.409912
138.474777
155.725769
179.308670
177.319305
167.599167
182.581818
204.569641
206.947174
178.635849
185.237595
189.334213
166.120529
146.239487
145.364029
156.813904
169.922623
188.354309
187.511581
177.029068
205.633499
223.808945
253.285736
250.088623
243.358368
231.286453
239.994507
260.661835
262.183868
252.007324
241.619843
236.802124
247.043396
253.023224
258.782257
277.086334
295.771210
315.924927
336.043884
354.620422
371.327759
381.390839
386.737640
396.585449
405.295380
415.291748
424.545319
426.598022
434.849609
444.975250
449.448730
450.206482
447.975952
453.349121
475.144531
500.665100
505.443359
497.340454
499.990723
528.371460
527.328613
543.675781
559.690369
563.545044
565.696411
578.776611
582.742249
577.657654
556.511047
548.133789
521.567871
522.275452
520.841919
509.974854
495.038269
485.654755
492.715149
491.418396
500.652710
502.084167
514.276367
517.871338
514.607544
524.342407
532.630188
525.727112
531.838501
538.813232
548.187439
559.891235
575.717041
584.023743
587.780945
589.911133
593.805359
592.827637
587.761353
592.463196
594.038086
597.539429
612.643127
622.310425
626.732361
629.440002
629.623535
629.093811
638.076538
650.476074
653.847778
644.678101
644.120361
654.517029
656.299683
656.830017
672.517212
693.409851
701.166504
713.883179
704.396790
691.612610
691.044617
685.744873
739.824890
757.820923
765.195313
776.407043
787.122620
799.753784
813.640198
825.563477
831.250305
834.675964
839.034363
840.264404
837.609131
836.655029
840.006348
839.454712
833.569397
825.505188
818.942139
817.570007
819.375610
821.802917
821.339050
821.208801
826.796814
831.246704
840.453735
844.496033
845.186584
844.802795
843.742737
841.170105
841.128601
842.865051
842.208008
842.083191
843.608215
848.691895
857.958862
862.709351
866.569824
870.217224
869.914612
868.953064
873.068726
879.778748
887.964478
896.820618
904.768799
912.122742
920.025635
927.562378
933.488037
937.996643
943.901062
949.893982
963.841919
964.864197
959.618774
955.015808
954.479065
957.853943
961.247314
963.903625
968.680420
975.133240
979.845825
980.633850
980.851318
981.696960
978.594788
972.410522
966.697266
962.761658
961.274475
961.214294
963.653137
968.479797
973.481934
981.976318
992.603394
999.504333
1004.708923
1005.565735
1002.511414
1000.048767
995.418335
998.604004
1002.600769
1005.033264
1004.613586
1003.187439
1003.425964
1000.774841
995.492065
989.559387
983.132751
975.858276
967.164612
967.104370
973.053345
979.542053
993.649719
1009.185852
1025.211060
1027.682495
1024.187378
1020.862488
1016.823792
1019.891052
1022.127502
1022.279602
1017.702087
1010.433411
1003.441589
1007.670105
1009.398743
1005.248352
998.204102
985.670837
974.761536
964.244690
951.152161
946.506409
941.166931
939.783508
948.034851
957.372009
969.296387
979.212830
983.364075
982.017212
977.313171
972.164368
968.209961
967.541870
968.777283
968.218750
965.405579
960.176453
956.748840
959.778992
959.387756
957.038635
964.991699
972.461609
978.063721
984.877991
995.917908
1002.382263
1005.012634
1011.574524
1022.618713
1031.954346
1034.974487
1027.781738
1016.065491
1005.822571
1000.059875
995.043396
991.694946
992.661743
996.362915
994.791626
991.328491
986.045654
982.923828
980.595215
981.546021
980.031189
978.555725
978.838928
983.989868
992.471191
1002.676941
1008.368958
1011.395569
1016.047424
1017.258118
1015.987244
1019.076843
1021.483582
1022.455627
1024.087769
1027.380615
1026.401978
1024.283691
1019.324280
1014.481750
1017.130310
1021.122986
1029.286255
1035.592651
1038.376709
1038.088501
1035.024902
1031.421021
1026.898438
1020.248352
1015.879944
1013.332825
1011.072937
1010.522644
1010.337952
1008.317688
1004.037659
1003.066833
1004.781677
1003.893372
1001.712708
999.696472
997.920776
1000.476379
1006.082947
1015.307068
1023.344177
1031.278564
1036.691650
1039.353271
1040.281128
1039.683228
1039.368164
1040.112427
1037.263306
1030.321533
1019.269104
950.296997
939.550537
929.595398
917.224426
903.517883
886.581177
872.984070
858.970825
843.970154
836.962769
839.539551
850.225403
864.057434
879.217590
892.443298
897.671997
900.132141
903.510742
907.216553
908.059937
905.395264
902.764893
898.570313
896.337341
895.822510
895.173035
892.935913
893.742920
894.707458
896.067139
898.314514
900.823120
903.092285
905.328430
906.964478
906.542297
906.241882
907.038757
907.266541
907.666443
908.060364
906.709839
903.408142
903.156250
900.962891
891.457947
882.003540
870.651855
856.500793
839.737793
817.904724
795.632813
772.329407
751.935608
738.422363
729.429504
725.446533
721.163452
719.905884
720.651245
724.379700
729.711548
734.013733
741.647461
747.024719
749.008606
744.662170
735.977600
733.107422
734.241882
739.559692
745.933289
751.636047
759.298950
761.293091
764.585571
764.280823
760.280884
758.956665
756.639832
749.896301
740.713318
741.724182
746.991272
748.802917
751.772034
753.350769
750.250366
743.669495
739.125793
737.021301
733.928833
730.591370
726.021301
721.539185
719.289612
714.203369
707.088623
696.387268
687.119995
678.038879
668.689331
663.329285
658.190918
656.040527
649.601929
652.206665
653.717834
651.593201
646.951904
644.845398
646.988342
651.029175
656.608887
658.307861
657.905151
656.091064
655.304871
653.127075
648.208130
640.667969
634.237976
627.601807
618.827454
611.109070
602.770569
595.179382
584.527039
578.027222
572.515137
575.385193
582.628479
592.836853
603.790222
613.799927
618.442017
620.950928
619.455200
612.003723
603.378906
598.591736
592.593201
589.860474
592.517273
594.309998
593.535828
591.737488
584.764526
574.859070
565.903137
555.747131
546.860779
544.207886
544.763306
545.851624
548.851074
554.041138
558.465576
560.272522
568.345764
574.572937
576.850891
573.768738
565.964783
553.673950
540.630859
527.797241
516.381104
506.539673
497.838257
484.275391
469.122070
454.501923
440.264526
430.853363
426.599091
424.322327
425.215790
429.654816
435.051544
439.550293
441.547516
442.136047
441.049377
436.902313
432.376343
426.829437
424.831512
422.297577
417.453552
410.470184
407.085724
404.338776
402.297760
398.915436
394.513763
389.749237
382.740265
377.401215
374.549774
368.942291
363.988220
355.775879
343.898041
335.271851
326.467865
316.840210
307.868011
295.609222
282.289124
266.930511
251.206635
237.654602
226.585403
218.389343
214.867676
215.081863
217.580460
224.870193
236.991760
246.193054
258.362976
266.695740
274.014069
275.398987
271.359955
260.300690
247.904205
219.239288
225.204666
236.334900
249.155090
263.226898
275.778168
284.439301
288.322601
282.523621
272.720001
263.261597
252.499329
244.188660
237.689117
234.747406
232.612274
225.611938
220.510406
217.290787
215.808594
219.531586
225.549759
232.977844
244.206329
253.077911
256.720734
258.490662
256.140930
254.934082
255.390717
254.232117
250.016968
240.909058
226.229584
208.261169
188.134415
168.428436
151.901672
138.372787
128.958908
127.142342
128.276596
131.847382
137.137634
140.855103
143.020721
145.206482
144.584137
142.612732
141.706238
142.419250
143.266815
143.301926
141.359589
138.375427
135.579453
137.252914
139.333954
143.522125
148.729584
151.563187
156.620270
158.860031
161.415405
161.399277
159.263718
158.436188
156.809967
148.839584
134.020477
119.674278
106.173927
91.434967
79.327530
70.037392
57.214783
47.622971
41.547569
36.985695
37.750084
44.333069
54.272240
65.255280
75.165855
83.433968
83.825050
82.170563
82.540794
79.860329
77.785614
78.814865
80.407410
80.764275
80.120972
78.783539
80.539246
86.173157
91.496918
94.835487
95.542587
94.834663
87.746719
76.529411
62.766769
46.935448
32.147087
16.979097
6.408316
2.376795
4.506144
7.276913
12.137270
15.921228
19.362604
22.444357
24.626497
29.630636
37.305389
43.536980
47.603401
52.968086
51.942146
47.195244
37.140030
25.246038
17.259951
14.837309
17.057211
20.929632
22.024477
18.903421
13.623999
8.148802
4.177206
21.933458
30.595495
38.730438
45.753654
52.573952
58.018196
62.727615
65.188126
62.588860
59.876251
58.180954
54.834496
49.063683
41.502922
29.371260
14.885176
2.998117
-8.271433
-17.729691
-25.710501
-27.998085
-25.734907
-23.339725
-22.793922
-25.317816
-30.336098
-35.778282
-39.472534
-40.605026
-43.768715
-50.428413
-53.285095
-54.228897
-51.576218
-45.551842
-42.047527
-39.567493
-34.999870
-30.709267
-26.417833
-24.119991
-21.895599
-20.123560
-16.008364
-12.880323
-10.448840
-6.948904
-5.787134
-6.911945
-9.557266
-17.275246
-26.407408
-31.413532
-35.127716
-35.720901
-38.134354
-39.971237
-42.159340
-43.917542
-45.513962
-45.627655
-41.546329
-36.141869
-28.089417
-16.567062
-6.252871
2.092070
4.962841
7.235777
5.901251
2.245214
-3.019661
-3.188421
-0.672728
3.064276
6.495230
13.727961
20.401266
27.619856
31.547712
34.833427
33.860161
34.009026
34.797913
37.737923
40.266960
46.308754
47.092552
51.041748
53.152382
54.811852
56.820915
56.684410
54.942284
51.878990
48.762817
43.916168
40.226791
36.839424
34.094757
31.936903
28.647718
30.975382
39.465584
53.582932
67.821533
83.732758
96.614883
104.753990
112.491371
120.534416
130.807800
137.848511
145.708496
157.055908
167.151428
178.558365
190.014420
201.929001
214.894363
228.709351
235.643951
238.060059
239.939819
240.785339
239.381042
238.396149
238.501923
236.894501
235.183441
237.588593
244.467468
246.723755
254.061707
263.618927
275.656006
288.565155
305.069244
325.134949
339.869995
351.996887
361.262054
369.490479
374.303009
379.093536
384.147400
388.750305
388.426941
385.634979
382.107147
382.142151
378.550964
365.356415
347.932404
331.835297
321.098175
320.338348
327.210785
336.473480
349.662720
366.874542
383.141724
401.011658
416.098389
432.888824
452.639221
471.322510
488.832642
504.826965
520.644592
533.441650
542.809021
550.440674
559.191833
565.740601
572.820984
576.144043
579.389038
582.957031
584.637024
588.187561
593.470764
598.149902
603.854858
608.762634
610.723755
612.366211
613.251526
610.339294
601.194397
598.866699
600.800415
605.101929
607.788147
609.548584
612.222900
618.493164
628.868530
638.541748
650.632324
660.867859
670.390503
680.834473
687.341553
693.143066
697.845947
702.905151
705.338867
710.212341
716.516602
716.282654
698.435120
685.590332
699.746826
692.739746
685.423035
682.644470
683.021484
681.103516
677.925659
673.773193
670.211609
669.573120
669.689575
673.075806
678.498596
686.732117
696.283569
743.172119
753.105225
763.223083
774.344788
784.392761
791.545166
802.785645
815.460205
827.305969
840.933228
854.117188
864.070007
877.079895
887.496765
893.977722
903.593445
915.711609
930.435974
943.820435
957.553040
970.361938
976.989502
980.772156
982.381775
981.668884
978.545715
971.837891
962.301453
946.242554
929.455811
915.258118
903.516479
889.560852
867.124695
844.902344
827.870972
812.339600
799.080200
792.538818
786.012695
778.743347
772.017700
769.134399
771.362488
778.356079
791.116150
804.146362
815.457825
831.623291
846.833801
864.257568
885.057617
904.046387
921.930969
937.225952
956.406860
967.640625
977.090820
983.657776
988.750793
996.054504
997.063049
995.872986
996.287720
997.795715
998.428650
997.908142
992.019043
982.991150
973.882874
963.127197
952.955139
943.302612
933.170349
923.893250
917.186951
911.895142
912.127686
911.760986
913.869751
919.658264
925.582458
931.268799
934.966797
938.308594
942.222351
944.895874
948.224976
949.296387
942.620361
939.297363
938.933960
949.243347
962.062073
975.653503
977.832214
977.578918
973.221985
972.665283
981.534302
988.989624
995.142517
996.281860
1001.367004
1017.253357
1038.267578
1053.436523
1058.154663
1057.872925
1048.921631
1044.787842
1044.286621
1044.168213
1041.577026
1039.510864
1035.293091
1031.410156
1030.982544
1024.520874
1013.151428
1002.926575
996.966675
990.242981
980.132263
976.614868
975.514343
971.439880
961.265503
948.166382
931.079041
917.575623
913.048706
915.646973
921.725281
932.803467
946.700867
961.044861
973.979065
986.626343
999.090820
1009.400330
1018.055237
1027.071289
1033.065552
1032.314697
1025.993774
1019.546936
1014.951111
1018.082703
1023.911194
1028.449707
1034.749146
1042.245605
1048.435913
1054.344360
1055.954224
1055.281860
1051.215332
1047.411621
1043.352905
1035.805054
1026.332764
1016.405457
1007.302063
997.801819
990.381409
981.175354
975.254211
968.234619
963.061951
962.896851
964.489258
962.862671
962.320801
963.100708
964.782288
963.484070
956.635803
950.793518
944.073486
942.321838
941.493835
938.340149
935.046143
933.388428
931.046692
932.773987
933.985779
936.529480
934.886475
932.792480
930.818359
928.353882
925.163574
921.711853
916.300781
914.387695
917.009277
920.368103
922.694763
921.640076
917.426880
911.868042
903.626099
894.146240
883.978699
870.518005
858.111328
846.968567
836.467712
829.088501
829.844910
834.882629
838.582092
845.006104
846.284119
843.548523
837.849121
832.613159
827.263000
815.111816
801.185547
789.334045
790.163818
797.207947
801.104248
819.853455
823.582031
824.860596
821.282959
811.588745
802.059753
795.521423
780.384338
760.647949
749.805603
744.096985
729.894775
721.898804
713.219299
706.322998
724.062683
708.542908
684.369019
671.850769
698.551208
730.063232
709.921082
688.109680
663.173401
658.413635
659.238892
671.156433
666.098572
674.167847
687.304749
683.786438
644.587280
615.213684
596.318604
587.218140
591.335938
564.610596
513.117493
498.800171
504.078430
504.171387
515.083252
544.233215
552.249878
556.786438
559.113403
572.972473
578.170898
566.455933
561.158569
572.079712
580.474182
568.109924
550.803162
547.825012
556.301636
540.119141
523.407959
522.852966
540.781372
541.210876
518.979858
506.333252
508.289917
512.202576
511.170532
499.331726
492.532898
505.043701
521.213806
526.336853
526.773865
529.930359
531.111694
532.228577
528.749695
525.426575
519.942200
498.117065
476.270752
472.098938
462.180176
436.539337
427.961639
415.876648
408.853973
402.944092
394.174683
393.967072
395.904358
396.693604
396.871063
401.947083
403.593964
408.514832
413.964355
414.627441
414.057617
411.118011
407.889923
404.223755
402.160431
399.812134
399.018066
400.643250
402.474945
404.906311
406.258575
408.957001
415.722809
415.375671
411.578583
405.389709
394.075989
388.384491
374.255035
359.667816
359.355194
356.236511
344.631378
336.054535
333.486237
335.994019
349.755463
359.579193
362.016724
363.074219
364.816559
372.701965
382.829254
397.010712
410.827942
421.526459
424.099213
420.873535
419.905304
414.016724
405.394318
395.910492
390.564514
388.946472
388.988220
390.880127
388.962372
380.694366
368.159943
362.822571
360.486938
369.517212
381.278107
393.372742
405.722015
419.708710
439.078766
463.474701
488.201965
519.178406
556.035522
593.096558
630.590027
668.405701
705.572632
738.822571
765.283630
789.847656
805.370117
823.501221
833.097351
844.918640
851.191956
835.880493
841.852722
865.856262
878.009888
871.049255
856.264709
842.714844
818.110840
777.264648
747.516235
717.446594
685.789124
696.084595
741.509827
769.638855
790.389160
814.907104
844.343018
869.888245
899.238525
918.601685
935.124207
949.660706
969.306091
974.344116
977.596008
988.854675
998.249573
1010.075500
1002.299988
989.690063
964.854492
936.197083
914.387451
902.749207
894.986084
884.503540
872.872437
865.467407
866.885010
870.300537
877.388184
889.852783
909.279175
922.951843
932.005798
935.043396
936.381287
935.858093
944.056702
954.199219
958.665833
935.620300
927.224731
938.891846
959.561096
970.889465
970.429932
979.355713
976.578064
968.348938
978.332764
975.273621
959.834778
974.629822
990.478455
990.745239
980.724426
982.595825
990.733582
999.251282
1003.788025
1010.897278
1017.778381
1024.955078
1025.335815
1026.519653
1024.938477
1015.850647
1009.064148
1003.532654
1001.265808
1003.277771
1015.972961
1026.492310
1032.730591
1036.773804
1036.298218
1035.587646
1034.758789
1036.033325
1036.791016
1039.519653
1040.790283
1043.140137
1048.103149
1050.463257
1049.561646
1047.968140
1038.688477
1033.008545
1031.567627
1030.364380
1029.513428
1024.994629
1016.586243
1013.675110
1013.879456
1015.711731
1007.735901
1001.008362
1004.665588
1001.119324
997.971619
992.895447
990.740967
989.627441
984.177124
979.056213
975.582397
978.187866
984.289795
980.609497
975.819763
970.761963
964.002686
956.107544
949.249939
944.882568
944.583862
947.576416
954.174194
957.328796
960.665466
967.187134
972.944641
977.893005
985.131775
988.760742
993.165833
995.512512
994.303223
994.535889
992.981384
989.991882
989.777832
988.966064
992.458435
997.762939
999.105774
994.450562
988.190613
980.920227
969.089233
961.816040
956.562439
953.500977
949.658691
950.735413
949.006714
948.866028
949.217651
949.551086
948.779724
948.421265
944.532471
935.929688
928.582581
920.561523
912.982178
913.085693
915.242554
919.782532
927.596802
936.821716
946.845886
957.672974
966.565491
978.616211
985.470398
991.649475
994.960510
996.620789
996.582825
997.072388
995.047485
987.136475
983.596252
985.848022
988.220520
984.979736
980.646851
973.749939
967.120544
961.596924
951.808472
941.294678
930.481262
921.286377
912.975403
903.848755
897.204773
895.378113
894.244568
895.830383
902.682373
906.042908
904.871521
899.924683
896.819763
893.449097
888.848206
884.469910
882.693726
882.232849
884.357178
888.745422
888.797852
885.947021
881.100891
882.008423
887.101257
893.500610
900.672607
906.605347
909.546021
908.533997
906.969604
905.164856
900.557861
899.001526
897.328918
895.420898
892.697449
887.780151
883.286072
879.389465
870.951477
867.732849
863.402771
858.889709
851.518005
846.775757
842.077698
837.152832
833.863281
831.100342
828.032776
822.795105
817.673157
812.312439
811.030334
811.111328
813.778015
816.124390
820.016663
823.923523
825.584595
827.811646
829.361694
829.917908
831.261719
834.157104
833.612915
831.614807
831.532043
829.652466
830.338135
833.270020
835.762390
842.727844
850.210815
858.978210
866.378784
872.770325
879.094299
883.994995
883.780151
880.518860
879.760071
878.106079
876.746582
876.345642
877.899963
879.390320
879.591675
880.860474
881.612549
882.888733
885.420166
887.861389
891.066406
893.161438
896.818115
901.010376
905.776428
910.113098
915.587952
919.429382
918.807129
913.798157
900.174927
885.662109
872.868469
857.591736
845.115845
836.840454
830.058594
830.057495
829.558716
832.765564
836.628418
843.219849
850.836975
857.924438
865.550476
872.570374
881.897949
889.672852
897.781189
903.796143
909.775330
911.352600
912.920410
917.457153
919.764221
923.733276
928.327515
932.566833
937.225098
945.740784
950.359863
958.251526
965.205444
973.484802
980.154480
984.453430
988.437012
987.249573
988.920166
993.639587
998.147095
1000.149597
1001.872620
1002.319275
1002.989685
1005.111145
1008.809021
1014.132629
1016.604309
1019.998596
1021.780457
1019.712585
1016.897644
1014.329285
1011.026306
1007.974670
1009.973328
1011.017883
1014.063171
1020.139465
1029.383057
1038.718262
1046.494385
1052.110840
1063.164551
1070.146118
1078.210205
1086.493286
1093.454346
1097.804932
1099.815308
1096.934570
1093.592773
1087.648560
1081.405640
1075.966309
1074.269775
1072.340820
1070.908081
1068.553467
1063.612671
1056.699585
1051.500610
1044.202148
1041.244263
1039.292603
1041.279663
1046.127563
1051.148682
1057.373535
1063.718262
1070.603638
1075.673096
1083.250854
1084.519653
1082.836670
1082.190918
1076.079590
1071.160645
1063.971313
1055.533691
1047.387695
1041.323242
1035.364990
1029.035156
1023.063416
1017.091614
1008.016785
996.605835
984.246277
972.074890
957.675720
943.022827
928.004333
910.231262
890.376587
870.927368
850.498413
831.129272
810.785400
789.332520
763.810791
742.101563
717.441833
695.867249
677.756104
660.939575
648.285095
634.961792
624.813110
618.876953
614.364197
612.322327
614.875305
618.472595
626.259949
640.110107
660.683960
685.614075
717.345886
755.152100
791.002380
829.322266
866.365845
906.295593
946.251892
982.474426
1012.904114
1042.194092
1069.213501
1091.070435
1111.248413
1135.355469
1155.242065
1175.821777
1194.674316
1215.303467
1230.866089
1246.333496
1261.578735
1275.264648
1286.774658
1296.339600
1301.608398
1299.732788
1294.671875
1285.563721
1272.177246
1258.995117
1245.757080
1235.179688
1221.448120
1209.822266
1196.104370
1183.051025
1172.553223
1160.361328
1149.164429
1135.770142
1120.399536
1104.892578
1086.001953
1064.687500
1041.601563
1016.562927
989.380920
959.115234
931.591553
904.995422
881.331970
862.988525
849.628235
839.550659
832.643005
830.696716
830.240234
832.416260
839.406189
846.301086
858.363647
873.195557
891.819275
915.435486
938.719788
959.572876
980.154480
997.406067
1011.131409
1027.157715
1039.097778
1051.341064
1066.810547
1084.622681
1108.238892
1127.835938
1143.345825
1154.128052
1166.257935
1174.291626
1180.704102
1184.995483
1182.178833
1172.457397
1163.586060
1153.930054
1142.264160
1130.197754
1113.639771
1090.897095
1065.296143
1039.436401
1014.750793
991.319519
968.495667
947.902771
929.700745
912.413574
892.332825
871.682556
845.894287
819.632263
792.029663
767.062134
745.177856
729.040771
717.487488
711.889099
711.344421
715.815674
722.285767
736.664368
759.230957
790.593201
826.038391
866.977478
906.796082
941.713867
976.605713
1009.621277
1038.880859
1063.037598
1083.038940
1099.510010
1115.370850
1127.665283
1137.957520
1151.333862
1165.583618
1180.711304
1198.940796
1214.304321
1227.955811
1234.264404
1232.226440
1223.505371
1210.406372
1193.667725
1179.406616
1163.152222
1148.708618
1133.187988
1119.448242
1108.891113
1098.112061
1078.884033
1054.899902
1022.835022
984.691772
942.472229
905.014282
866.762390
830.918640
800.689819
770.860046
741.765930
711.285706
680.234802
649.926636
628.539978
618.701538
610.354126
604.822021
606.758057
617.943909
745.693054
792.947388
840.096069
884.954346
931.559875
975.552002
1018.116394
1056.319214
1086.048218
1111.201172
1132.546143
1152.311890
1171.960083
1191.105713
1206.731201
1221.157471
1236.534302
1248.173950
1253.928345
1259.045776
1260.632080
1258.248535
1251.558472
1243.995483
1239.457886
1239.151733
1236.797119
1236.065308
1235.471069
1231.309082
1229.374878
1226.767700
1218.238403
1204.674438
1181.091675
1146.961182
1104.206055
1059.307251
1012.213562
971.667969
934.999939
900.505737
869.526489
839.649719
806.236694
771.504333
739.326660
711.035095
688.323303
674.893188
675.468872
688.254333
710.484131
738.681824
768.328369
797.054565
824.966858
854.139893
879.885376
904.566284
932.232361
958.477234
983.079163
1001.762878
1020.611633
1039.244385
1058.437622
1075.627319
1094.712158
1120.221436
1146.507690
1170.876221
1198.434570
1224.918213
1246.901489
1264.649902
1273.278076
1272.252930
1267.533081
1264.840210
1258.972778
1252.918091
1246.063599
1243.651855
1242.583252
1241.813354
1236.659668
1230.753052
1223.107666
1216.316528
1202.716919
1185.402588
1159.455078
1123.071411
1077.902710
1032.215088
986.079895
943.787354
904.237976
857.257019
807.471436
761.310852
718.528809
683.811462
659.320862
646.117615
646.267212
655.104492
668.725647
691.764099
720.436951
752.929749
788.665405
823.651672
854.352417
884.331970
907.633850
925.653015
944.467651
962.662476
981.855713
999.676575
1015.289001
1030.353760
1042.741089
1058.375610
1072.453369
1089.052490
1103.064697
1113.573975
1120.709717
1124.308960
1118.695068
1112.354370
1108.807007
1100.999512
1094.338745
1087.494507
1078.289795
1069.009521
1060.334106
1051.716187
1045.198242
1040.145020
1037.401123
1036.769531
1037.025879
1036.979858
1034.160645
1031.543213
1029.727173
1027.803345
1018.823059
1005.696960
985.510010
962.678589
939.750366
915.998596
889.912476
866.366272
845.394226
827.931091
820.476013
819.915283
826.741394
839.887939
863.605957
886.082642
905.824463
923.745544
939.071228
951.056641
965.725220
977.304016
988.775940
999.754456
1010.976746
1019.552063
1029.519775
1038.127563
1044.628540
1050.797119
1054.699951
1054.952759
1057.183960
1054.112061
1048.523926
1042.038818
1036.257813
1029.849243
1022.726990
1014.578552
1008.080627
999.150574
990.303162
981.372986
971.194824
964.793396
955.674377
950.785217
948.590393
947.894348
945.319580
944.059265
945.365356
945.440979
947.833496
944.790344
942.503235
936.638367
928.779907
918.076843
907.841858
894.920044
875.278442
854.160950
834.583008
821.643433
809.586182
806.909241
804.332581
806.098083
807.619080
811.080750
816.685913
820.731812
826.190796
828.059814
826.249634
827.448303
831.158508
837.028137
843.302307
849.963440
859.067871
869.695862
880.272278
893.729614
907.267944
923.529724
938.391113
952.352295
960.175232
963.604736
966.951721
986.002747
1011.977600
1041.992310
1034.679199
1004.712708
998.791626
987.280518
960.570007
934.146423
911.625977
896.332520
888.304321
879.049622
873.718018
871.267761
870.829224
870.932068
872.580688
873.510254
874.044922
874.909180
875.978516
875.042847
868.533813
861.001099
849.158386
836.508179
822.955688
812.691406
805.067261
802.417236
805.869141
813.613037
825.595276
839.245300
856.023438
874.879700
893.652893
908.882568
919.900818
927.446838
933.896912
936.526306
937.605530
936.038818
934.458923
933.948975
935.943542
940.589294
946.027649
950.796936
949.325378
952.136230
952.687134
954.764038
954.363037
953.389954
951.401733
966.591553
988.697510
991.387817
988.690186
984.417786
988.037842
999.597351
1013.130798
1023.287292
1036.194214
1048.114258
1063.213013
1081.086792
1096.959595
1110.907593
1122.126343
1131.503906
1140.943970
1153.953491
1157.232910
1158.797852
1160.302734
1160.470581
1160.735107
1162.468750
1166.192139
1171.000854
1180.510010
1189.423706
1199.392456
1214.876465
1232.826904
1250.609863
1268.636108
1284.301758
1300.958130
1317.751221
1334.358887
1353.954956
1372.158325
1390.646240
1409.331421
1427.482178
1444.452637
1457.476318
1473.629639
1488.494263
1502.975220
1514.209839
1525.682129
1537.165283
1547.604248
1560.209351
1575.880249
1594.700928
1614.445923
1636.144165
1657.776245
1678.094849
1693.605225
1698.959351
1693.628296
1679.189941
1660.015991
1637.499512
1616.442261
1593.118286
1571.345947
1551.601196
1518.541138
1467.838379
1422.142090
1397.123779
1368.444580
1327.578491
1278.883423
1219.250977
1169.340698
1129.480713
1096.478271
1068.253540
1038.507080
1007.001160
969.381775
926.068604
888.007874
862.303772
840.234924
822.737000
812.564880
802.280701
795.886963
788.939819
782.971191
776.977234
764.071594
755.862732
747.019165
731.711426
718.558167
704.138123
672.792297
640.018127
611.981262
588.235291
567.755859
550.792358
534.815002
519.869812
506.360901
496.918518
489.590576
478.302246
468.471954
457.743317
446.212860
438.473053
432.888824
429.573700
425.681793
422.917694
415.085266
402.983154
389.898621
378.527130
369.242462
360.617401
354.773529
355.656921
362.996094
376.310608
395.317627
418.854950
447.298309
475.812500
504.925537
535.054993
563.770447
592.294373
617.077576
638.090027
656.398560
670.453369
679.093567
685.462097
686.138489
689.094543
694.506470
707.680298
723.260376
745.851807
775.594788
809.087402
846.303833
881.363403
914.256958
944.034302
970.924438
997.968567
1022.141663
1048.024170
1077.924927
1108.652100
1144.794800
1184.884155
1227.043457
1267.372559
1305.052979
1339.338257
1371.250000
1395.792603
1412.880249
1420.730347
1463.328735
1507.697144
1529.923828
1495.233154
1445.428589
1389.270508
1339.551147
1309.914063
1298.915405
1291.380859
1285.095703
1295.420410
1327.013550
1377.771973
1433.916504
1487.852661
1534.673950
1578.273682
1614.253052
1638.129395
1654.152100
1656.479004
1648.816040
1632.541504
1613.840210
1593.059082
1570.495483
1546.505981
1516.820557
1484.016357
1451.436768
1418.918335
1393.918701
1293.326660
1295.328735
1299.495483
1300.196167
1295.157715
1285.419922
1271.055176
1250.846558
1227.002686
1199.646362
1170.708008
1146.092529
1125.774780
1112.833984
1100.996216
1087.306763
1074.061890
1063.049683
1052.697388
1043.809814
1035.687744
1031.904541
1028.217896
1021.933899
1016.537781
1014.206970
1005.126160
993.706421
977.328857
958.217407
936.379272
911.314575
883.932251
855.384277
825.751892
799.508484
776.330505
753.150391
731.542664
710.806580
690.278076
670.193726
652.039124
637.040100
624.190247
614.217773
604.176025
595.665100
587.344299
579.467834
570.007385
557.026733
543.300903
528.138794
510.882996
495.138916
482.642456
470.902679
461.172668
454.637604
449.876617
448.859436
449.049316
453.419220
461.182037
471.288208
484.873444
501.164734
520.872559
542.051270
559.470886
575.427246
587.653137
597.923096
604.239319
608.939636
613.286682
617.904419
619.750000
620.445007
619.726563
619.203430
619.846252
622.379150
629.488037
639.805359
653.700989
670.638245
690.339050
712.617371
731.382263
747.770630
761.557739
775.832886
792.306763
807.129944
825.177490
841.794739
860.944397
878.879578
896.057373
912.858215
927.901672
944.487061
961.106323
973.924683
986.689697
998.873535
1011.531311
1023.812927
1036.986328
1048.617065
1061.547729
1072.547607
1082.535889
1094.251099
1104.680420
1114.024902
1150.041504
1181.141724
1177.956299
1148.181519
1112.154175
1077.867065
1047.142090
1024.456909
1017.374817
1020.179260
1028.691040
1044.608032
1065.766724
1094.048828
1125.062622
1157.141113
1184.621826
1200.048218
1211.626343
1216.048340
1218.247681
1225.045532
1229.370483
1231.981812
1233.811279
1233.762573
1233.202759
1227.997681
1224.265869
1225.186768
1225.102661
1223.638916
1219.201416
1209.171509
1198.830444
1191.222778
1184.511230
1176.047241
1163.866089
1150.323242
1140.128296
1130.692383
1122.043335
1116.839722
1115.942139
1115.333740
1114.638306
1111.128906
1107.998535
1103.819214
1099.372192
1095.613770
1089.757202
1083.372314
1076.760864
1071.723755
1071.125122
1074.723511
1081.845703
1087.750854
1094.601318
1104.357910
1112.321167
1118.901123
1121.674438
1126.642944
1129.610962
1126.688721
1123.058838
1122.919067
1125.067627
1126.697998
1129.877930
1131.239014
1131.933350
1133.181641
1132.869751
1132.274658
1128.582642
1123.945313
1116.149170
1106.671631
1092.727417
1082.800049
1078.532593
1073.032227
1064.640381
1053.564697
1045.282959
1039.257324
1030.675903
1020.014587
1006.051208
993.684143
982.786682
973.807007
965.417297
958.526367
955.323975
953.990356
955.576721
956.122681
955.261169
961.796814
965.359741
965.439575
971.128174
979.408813
986.342407
995.057739
1002.324646
1010.410583
1017.872742
1024.911621
1032.616089
1040.501831
1047.413452
1052.461548
1052.742798
1051.697632
1046.859741
1039.822998
1033.623901
1025.154419
993.832520
964.339294
938.602356
931.988281
944.028870
968.191162
993.887451
1014.541931
1029.485474
1033.952759
1030.065063
1020.791687
1014.951233
1007.721619
1003.431946
999.552307
995.097107
990.894226
987.000183
984.408386
980.663635
979.339661
981.767273
987.759827
992.465210
995.576965
998.279114
1000.452087
1002.000061
1002.132629
1001.716858
1002.766541
1006.737610
1014.310608
1027.630371
1037.700073
1048.129150
1058.131104
1068.509766
1075.206299
1081.842407
1085.633789
1086.277954
1084.905396
1080.096558
1073.782593
1064.224976
1053.653198
1040.736450
1032.356567
1022.417542
1013.400696
1007.695129
1001.998718
998.113647
994.691162
993.709778
989.391907
985.438416
984.164124
985.224976
990.256653
991.941345
994.999023
1000.586487
1002.594177
1002.696228
1000.165588
996.822998
993.309814
989.754822
987.058167
977.161865
967.184814
963.787231
962.677979
969.980408
976.405273
982.559143
992.030640
998.449036
998.743469
993.641724
993.228455
1002.635925
1007.599304
1003.006409
1001.026550
999.665955
999.618469
998.892761
993.101318
984.974548
977.003296
973.092407
968.325256
961.187439
955.691589
953.456909
951.941528
950.991760
952.895752
958.130371
962.289612
958.354004
958.352905
961.079407
954.023682
951.794373
949.485901
953.145264
951.865784
956.153259
961.305603
966.904602
971.858093
976.470703
981.831848
989.810730
1007.352722
1047.128662
1075.434326
1087.233032
1394.613892
1469.710938
1390.665161
1537.350342
1083.444092
860.984619
1167.365356
1000.075134
898.074341
1127.061401
981.496216
978.651611
1015.070618
1027.066528
997.242859
990.040039
1017.639709
1019.112244
1004.851257
1008.017151
1016.825500
1009.169250
1001.842834
1006.032532
1010.369812
1003.539368
999.132935
1005.588684
1003.604065
999.419617
1002.247131
1005.822449
1005.422913
1003.877136
1006.880066
1006.740662
1009.743103
1007.794006
1006.762756
1006.637634
1004.618835
1003.747009
1001.753113
1001.816956
1000.101379
1000.863464
1003.492249
1006.385925
1007.238098
1012.419617
1013.889099
1009.698303
1003.492859
1001.975525
1007.439880
1002.731140
994.356018
1001.010925
999.537537
969.303894
1068.604126
1056.063232
975.798706
1035.085938
905.467407
1013.660583
1065.701538
915.148010
981.206482
1089.785156
937.746887
1021.153137
1052.112183
954.276306
1041.175415
1014.611633
973.791016
1038.120728
992.277893
993.532715
1027.484375
986.049500
1005.603943
1018.723083
991.402588
1010.771667
1010.981873
998.199829
1009.179016
1004.167175
1001.085754
1010.303528
1001.509583
1001.695984
1007.124329
1002.378723
1004.733948
1009.330505
1002.504211
1002.864929
1002.974670
1000.512634
1001.555237
1003.377258
1002.467590
1004.206604
1003.587830
1003.167419
1002.985657
1003.548401
1003.839417
1008.170593
1004.251648
1005.278259
1007.762512
1005.284485
1004.592712
1004.529480
1004.497742
1005.450500
1004.266785
1004.038635
1005.538391
1003.236267
1004.315979
1007.687805
1005.523499
1003.483704
1004.506653
1004.189636
1003.953064
1005.837830
1006.438049
1005.159485
1005.524597
1006.223572
1004.615906
1002.691101
1003.300964
1003.877014
1005.206360
1005.220642
1008.424011
1007.219666
1002.923279
1004.262878
1004.354187
1004.314392
1002.992737
1004.553894
1004.478699
1002.857239
1003.835144
1006.334656
1004.849792
1007.691345
1009.397644
1007.226257
1004.453308
1004.799988
1005.784363
1006.896667
1006.434631
1007.581970
1005.578552
1001.831238
1003.745300
1005.577942
1003.723572
1005.715393
1008.295105
1005.566223
1005.599670
1007.295471
1006.124939
1004.208923
1003.668030
1004.437195
1005.997498
1004.428772
1003.413513
1004.260803
1002.037048
1002.226746
1007.043884
1006.576111
1002.184143
1003.963562
1002.941223
1002.349915
1004.756287
1005.588074
1004.263489
1003.777527
1002.067444
1003.343201
1001.267151
1001.452820
1005.478577
1007.650574
1008.192566
1011.386658
1014.038025
1014.886536
1015.378235
1016.944641
1014.313416
1010.208557
1008.551575
1003.523865
1001.544861
998.876526
999.638733
998.900391
998.677979
1004.068787
1005.131653
1004.059021
1007.501282
1009.686096
1009.193665
1009.043640
1008.603821
1008.804260
1005.689392
1002.148499
1001.825500
998.867859
997.108459
999.105530
1002.007629
1000.792542
1002.326599
1006.586121
1006.896179
1008.019592
1010.331726
1009.323425
1005.806458
1005.686951
1003.937317
1003.241882
999.309143
999.704285
1002.850159
1001.776428
1000.455383
1003.790100
1005.345642
1005.541321
1009.779114
1006.872009
1004.512024
1005.340515
1004.129700
1002.362610
1000.131409
1001.161682
1003.444519
1002.502502
1003.238342
1007.171692
1009.114075
1008.221130
1011.591248
1013.253723
1010.889343
1011.051086
1008.379700
1005.896545
1002.155212
1001.346985
1002.367493
1001.043518
1001.771301
1002.256775
1002.153503
1002.111267
1003.850891
1007.777649
1007.548645
1008.927307
1008.009094
1005.881653
1003.841370
1002.922913
1001.401428
1001.132263
1002.516418
1002.552917
1002.731995
1002.998718
1004.852478
1009.453308
1008.327332
1007.903503
1009.226746
1008.683289
1005.914734
1004.506897
1003.938782
1004.496155
1001.790344
1003.776062
1004.494934
1004.023987
1005.652405
1005.287048
1005.970642
1008.276672
1008.312195
1009.213318
1006.726624
1005.862854
1006.781067
1004.020081
1002.759460
1005.404358
1004.990051
1001.627747
1002.071350
1003.417419
1003.081116
1004.051453
1005.969788
1008.196228
1006.385193
1006.060364
1005.447083
1003.942932
1003.721863
1005.592102
1005.943420
1003.248596
1004.669128
1005.744568
1004.044006
1004.384949
1008.314026
1007.273010
1005.575256
1005.390686
1005.734558
1005.955139
1003.805237
1003.725647
1003.047302
1003.350891
1005.341248
1006.368713
1003.848450
1003.172546
1004.610657
1005.403625
1004.573303
1006.651062
1006.677795
1002.886536
1001.796204
1004.111511
1006.174255
1004.906799
1003.684387
1002.965027
1002.201477
1003.126282
1006.086243
1005.005676
1005.501282
1006.389221
1006.791443
1005.593323
1002.632263
1005.177307
1003.002991
1003.017761
1004.429382
1005.084412
1005.407166
1004.661804
1004.650574
1003.465759
1003.606262
1004.690002
1005.754333
1001.761414
1000.345398
1005.385681
1005.360657
1003.307312
1005.408875
1005.947327
1003.467346
1003.604675
1005.320129
1006.083679
1003.662048
1005.528992
1005.533020
1005.897888
1006.186707
1004.757385
1005.890808
1004.884216
1004.467102
1005.882751
1005.086365
1003.474548
1005.397644
1004.596130
1001.344177
1003.825378
1002.977112
1001.975281
1004.700745
1006.957703
1004.225891
1005.503235
1007.218079
1007.990784
1006.802551
1003.909729
1006.795227
1005.584656
1005.471497
1005.930115
1008.238586
1003.964539
1003.132751
1006.080139
1003.963928
1003.294128
1005.043274
1005.692200
1004.205627
1002.286194
1004.760803
1004.559021
1002.921692
1005.281189
1006.359070
1005.242859
1005.495667
1006.865540
1006.254944
1006.703308
1006.816345
1005.838684
1003.666687
1003.415833
1004.776184
1004.063660
1003.124207
1003.888977
1003.695374
1003.709656
1003.534241
1006.995911
1007.674622
1005.742004
1007.643494
1006.958801
1003.277649
1000.915100
1005.209290
1005.457214
1005.663269
1005.309998
1005.541565
1003.109314
1003.337830
1003.935852
1006.075867
1005.069763
1005.599792
1008.931213
1005.607239
1004.166321
1006.367126
1006.385193
1004.796448
1007.676819
1007.137512
1004.333435
1005.064880
1004.798645
1005.099915
1003.352356
1001.769104
1004.071960
1003.003967
1003.412781
1007.006165
1007.369812
1004.305603
1007.779846
1007.956482
1004.283875
1002.885071
1004.305969
1005.950134
1004.714661
1005.424011
1005.299622
1005.539856
1005.539490
1004.495667
1004.194641
1001.543274
1005.106140
1010.677673
1005.919250
1004.223083
1005.927307
1004.792542
1004.505554
1003.907898
1004.937683
1003.941345
1001.368835
1002.201355
1005.334778
1003.812073
1003.108093
1003.828186
1003.368713
1002.577576
1003.829041
1005.337830
1004.758606
1004.998108
1007.296082
1006.858459
1001.901550
1003.819031
1008.743103
1005.570251
1003.870056
1005.232117
1004.924744
1002.886780
1004.247498
1006.410706
1005.338074
1004.915466
1004.802307
1004.554993
1002.209167
1002.544983
1004.743835
1004.656799
1004.587830
1005.771545
1006.732971
1002.633728
1004.815857
1005.650452
1003.398987
1004.206604
1007.050476
1004.753235
1002.459900
1001.354187
1003.095520
1004.762146
1005.252136
1006.503723
1005.342957
1002.758850
1003.228577
1005.216614
1004.136047
1002.032898
1005.462219
1006.958557
1005.513855
1006.236633
1005.024109
1001.945007
1002.254456
1004.849426
1005.352722
1004.039124
1004.137024
1003.913879
1004.912048
1005.092712
1007.030334
1007.895935
1006.092346
1003.966248
1002.492493
1001.913147
1001.414856
1004.186951
1004.178162
1001.249939
1004.636780
1003.832581
1003.315979
1004.629822
1006.371887
1008.012756
1005.007507
1005.283142
1007.809753
1006.439636
1002.446472
1005.712952
1005.409973
1003.743225
1004.030823
1005.241272
1003.243225
1002.301331
1002.759827
1003.436218
1004.529724
1003.894592
1005.812927
1004.904968
1005.037537
1006.726746
1005.644958
1004.255188
1004.304871
1005.820374
1002.447571
1000.455994
1001.720032
1001.718323
1003.272522
1006.532288
1006.615417
1006.146057
1005.192810
1007.225647
1009.016174
1006.075989
1005.412903
1006.661682
1003.963928
1002.012756
1005.106750
1003.070496
1002.229675
1002.516296
1004.299622
1004.682922
1005.183411
1007.240540
1006.705139
1005.618713
1004.696472
1007.516907
1004.029968
1002.869446
1004.257385
1005.114319
1003.673279
1004.327820
1004.907166
1005.419250
1006.466125
1006.682068
1005.782410
1004.170227
1005.183167
1005.319519
1004.429993
1005.364197
1007.793640
1007.675232
1003.126892
1002.372009
1005.205383
1003.363464
1005.121765
1004.393616
1002.699768

