997.492310,0.500000,2.000000,998.262024,0.780776,0.390388
997.415588,0.500000,2.000000,997.931580,0.780776,0.390388
997.599304,0.500000,2.000000,997.801880,0.780776,0.390388
995.088989,0.500000,2.000000,996.742798,0.780776,0.390388
995.657288,0.500000,2.000000,996.319031,0.780776,0.390388
996.337708,0.500000,2.000000,996.326294,0.780776,0.390388
996.826599,0.500000,2.000000,996.521606,0.780776,0.390388
996.950745,0.500000,2.000000,996.689148,0.780776,0.390388
994.586731,0.500000,2.000000,995.868408,0.780776,0.390388
998.950317,0.500000,2.000000,997.071533,0.780776,0.390388
996.536133,0.500000,2.000000,996.862549,0.780776,0.390388
996.478882,0.500000,2.000000,996.712769,0.780776,0.390388
997.000427,0.500000,2.000000,996.825073,0.780776,0.390388
996.110535,0.500000,2.000000,996.546143,0.780776,0.390388
997.003906,0.500000,2.000000,996.724854,0.780776,0.390388
996.397278,0.500000,2.000000,996.596985,0.780776,0.390388
996.297180,0.500000,2.000000,996.479919,0.780776,0.390388
995.601685,0.500000,2.000000,996.137085,0.780776,0.390388
998.559631,0.500000,2.000000,997.082825,0.780776,0.390388
998.546082,0.500000,2.000000,997.654053,0.780776,0.390388
996.520813,0.500000,2.000000,997.211670,0.780776,0.390388
997.675537,0.500000,2.000000,997.392761,0.780776,0.390388
997.494141,0.500000,2.000000,997.432312,0.780776,0.390388
996.948853,0.500000,2.000000,997.243591,0.780776,0.390388
995.616333,0.500000,2.000000,996.608337,0.780776,0.390388
995.308411,0.500000,2.000000,996.100891,0.780776,0.390388
996.592590,0.500000,2.000000,996.292847,0.780776,0.390388
995.797546,0.500000,2.000000,996.099487,0.780776,0.390388
996.118652,0.500000,2.000000,996.106995,0.780776,0.390388
996.276978,0.500000,2.000000,996.173340,0.780776,0.390388
996.391724,0.500000,2.000000,996.258606,0.780776,0.390388
997.190674,0.500000,2.000000,996.622498,0.780776,0.390388
997.610107,0.500000,2.000000,997.008057,0.780776,0.390388
997.302612,0.500000,2.000000,997.123047,0.780776,0.390388
997.975159,0.500000,2.000000,997.455688,0.780776,0.390388
997.126648,0.500000,2.000000,997.327209,0.780776,0.390388
996.833740,0.500000,2.000000,997.134583,0.780776,0.390388
996.772278,0.500000,2.000000,996.993164,0.780776,0.390388
998.466248,0.500000,2.000000,997.568237,0.780776,0.390388
996.898315,0.500000,2.000000,997.306702,0.780776,0.390388
998.151672,0.500000,2.000000,997.636597,0.780776,0.390388
996.396912,0.500000,2.000000,997.152649,0.780776,0.390388
995.133789,0.500000,2.000000,996.364502,0.780776,0.390388
996.206055,0.500000,2.000000,996.302673,0.780776,0.390388
997.424622,0.500000,2.000000,996.740662,0.780776,0.390388
996.878357,0.500000,2.000000,996.794434,0.780776,0.390388
994.697205,0.500000,2.000000,995.975708,0.780776,0.390388
994.654053,0.500000,2.000000,995.459778,0.780776,0.390388
997.082153,0.500000,2.000000,996.093140,0.780776,0.390388
997.124939,0.500000,2.000000,996.495972,0.780776,0.390388
996.875183,0.500000,2.000000,996.643982,0.780776,0.390388
996.593933,0.500000,2.000000,996.624451,0.780776,0.390388
995.794373,0.500000,2.000000,996.300415,0.780776,0.390388
997.559082,0.500000,2.000000,996.791809,0.780776,0.390388
998.945862,0.500000,2.000000,997.632751,0.780776,0.390388
996.640869,0.500000,2.000000,997.245544,0.780776,0.390388
995.908875,0.500000,2.000000,996.723694,0.780776,0.390388
996.230347,0.500000,2.000000,996.531067,0.780776,0.390388
996.217957,0.500000,2.000000,996.408813,0.780776,0.390388
996.767700,0.500000,2.000000,996.548889,0.780776,0.390388
995.918030,0.500000,2.000000,996.302612,0.780776,0.390388
998.325439,0.500000,2.000000,997.092285,0.780776,0.390388
998.561768,0.500000,2.000000,997.665955,0.780776,0.390388
997.143311,0.500000,2.000000,997.461914,0.780776,0.390388
995.736755,0.500000,2.000000,996.788452,0.780776,0.390388
995.967041,0.500000,2.000000,996.467773,0.780776,0.390388
997.916565,0.500000,2.000000,997.033386,0.780776,0.390388
1003.524475,0.500000,2.000000,999.567444,0.780776,0.390388
968.558167,0.500000,2.000000,987.461792,0.780776,0.390388
1007.431458,0.500000,2.000000,995.257690,0.780776,0.390388
1001.174500,0.500000,2.000000,997.567566,0.780776,0.390388
997.361450,0.500000,2.000000,997.487122,0.780776,0.390388
997.255737,0.500000,2.000000,997.396790,0.780776,0.390388
996.282349,0.500000,2.000000,996.961731,0.780776,0.390388
997.487976,0.500000,2.000000,997.167175,0.780776,0.390388
996.435669,0.500000,2.000000,996.881592,0.780776,0.390388
998.279419,0.500000,2.000000,997.427307,0.780776,0.390388
997.060791,0.500000,2.000000,997.284241,0.780776,0.390388
994.917297,0.500000,2.000000,996.360229,0.780776,0.390388
998.727051,0.500000,2.000000,997.284180,0.780776,0.390388
994.659119,0.500000,2.000000,996.259399,0.780776,0.390388
995.422546,0.500000,2.000000,995.932678,0.780776,0.390388
998.874695,0.500000,2.000000,997.081177,0.780776,0.390388
996.167358,0.500000,2.000000,996.724426,0.780776,0.390388
993.237244,0.500000,2.000000,995.363098,0.780776,0.390388
998.942261,0.500000,2.000000,996.760376,0.780776,0.390388
1005.668396,0.500000,2.000000,1000.237976,0.780776,0.390388
955.107422,0.500000,2.000000,982.619568,0.780776,0.390388
1053.773682,0.500000,2.000000,1010.397278,0.780776,0.390388
1037.570190,0.500000,2.000000,1021.005249,0.780776,0.390388
924.511169,0.500000,2.000000,983.335083,0.780776,0.390388
1001.767517,0.500000,2.000000,990.530884,0.780776,0.390388
989.841858,0.500000,2.000000,990.261902,0.780776,0.390388
1019.828674,0.500000,2.000000,1001.804443,0.780776,0.390388
996.220886,0.500000,2.000000,999.624695,0.780776,0.390388
1000.336609,0.500000,2.000000,999.902588,0.780776,0.390388
966.239807,0.500000,2.000000,986.761047,0.780776,0.390388
998.938782,0.500000,2.000000,991.515076,0.780776,0.390388
918.809937,0.500000,2.000000,963.131836,0.780776,0.390388
1113.928833,0.500000,2.000000,1022.001221,0.780776,0.390388
964.646240,0.500000,2.000000,999.610535,0.780776,0.390388
1001.591858,0.500000,2.000000,1000.384033,0.780776,0.390388
969.037109,0.500000,2.000000,988.146545,0.780776,0.390388
927.263794,0.500000,2.000000,964.378662,0.780776,0.390388
1064.314209,0.500000,2.000000,1003.392334,0.780776,0.390388
911.103821,0.500000,2.000000,967.364014,0.780776,0.390388
1073.618652,0.500000,2.000000,1008.844543,0.780776,0.390388
991.082764,0.500000,2.000000,1001.910583,0.780776,0.390388
987.124695,0.500000,2.000000,996.138367,0.780776,0.390388
1006.814392,0.500000,2.000000,1000.306152,0.780776,0.390388
978.795959,0.500000,2.000000,991.908813,0.780776,0.390388
1066.057007,0.500000,2.000000,1020.855408,0.780776,0.390388
965.468567,0.500000,2.000000,999.233032,0.780776,0.390388
838.786316,0.500000,2.000000,936.596558,0.780776,0.390388
1066.226807,0.500000,2.000000,987.202698,0.780776,0.390388
1014.830139,0.500000,2.000000,997.988098,0.780776,0.390388
980.362549,0.500000,2.000000,991.107300,0.780776,0.390388
962.416626,0.500000,2.000000,979.906799,0.780776,0.390388
1039.437378,0.500000,2.000000,1003.146851,0.780776,0.390388
1011.243591,0.500000,2.000000,1006.307739,0.780776,0.390388
990.755920,0.500000,2.000000,1000.236511,0.780776,0.390388
960.242432,0.500000,2.000000,984.623291,0.780776,0.390388
974.708252,0.500000,2.000000,980.752563,0.780776,0.390388
952.813416,0.500000,2.000000,969.845459,0.780776,0.390388
1025.669922,0.500000,2.000000,991.638672,0.780776,0.390388
1071.324829,0.500000,2.000000,1022.747192,0.780776,0.390388
1055.426147,0.500000,2.000000,1035.504639,0.780776,0.390388
933.328613,0.500000,2.000000,995.616333,0.780776,0.390388
853.458313,0.500000,2.000000,940.119507,0.780776,0.390388
1108.437500,0.500000,2.000000,1005.828857,0.780776,0.390388
984.880127,0.500000,2.000000,997.650696,0.780776,0.390388
987.998657,0.500000,2.000000,993.882629,0.780776,0.390388
994.418152,0.500000,2.000000,994.091675,0.780776,0.390388
1013.954407,0.500000,2.000000,1001.845825,0.780776,0.390388
994.307861,0.500000,2.000000,998.903076,0.780776,0.390388
993.210205,0.500000,2.000000,996.680664,0.780776,0.390388
998.304138,0.500000,2.000000,997.314453,0.780776,0.390388
994.743713,0.500000,2.000000,996.310852,0.780776,0.390388
995.646118,0.500000,2.000000,996.051331,0.780776,0.390388
1000.947083,0.500000,2.000000,997.962585,0.780776,0.390388
998.373291,0.500000,2.000000,998.122925,0.780776,0.390388
998.135864,0.500000,2.000000,998.127991,0.780776,0.390388
999.534851,0.500000,2.000000,998.677185,0.780776,0.390388
1017.922668,0.500000,2.000000,1006.190369,0.780776,0.390388
945.451111,0.500000,2.000000,982.478455,0.780776,0.390388
1026.608765,0.500000,2.000000,999.706421,0.780776,0.390388
996.633606,0.500000,2.000000,998.506836,0.780776,0.390388
995.323059,0.500000,2.000000,997.263916,0.780776,0.390388
981.973145,0.500000,2.000000,991.294556,0.780776,0.390388
1012.665466,0.500000,2.000000,999.637512,0.780776,0.390388
1007.557434,0.500000,2.000000,1002.729370,0.780776,0.390388
938.990356,0.500000,2.000000,977.846436,0.780776,0.390388
1080.516357,0.500000,2.000000,1017.927551,0.780776,0.390388
987.189819,0.500000,2.000000,1005.927917,0.780776,0.390388
946.424133,0.500000,2.000000,982.698364,0.780776,0.390388
962.495667,0.500000,2.000000,974.811462,0.780776,0.390388
1025.004517,0.500000,2.000000,994.406250,0.780776,0.390388
1032.280029,0.500000,2.000000,1009.191711,0.780776,0.390388
996.318420,0.500000,2.000000,1004.166138,0.780776,0.390388
978.458252,0.500000,2.000000,994.130066,0.780776,0.390388
952.864502,0.500000,2.000000,978.020508,0.780776,0.390388
1009.000183,0.500000,2.000000,990.114624,0.780776,0.390388
1034.782227,0.500000,2.000000,1007.552307,0.780776,0.390388
1017.763977,0.500000,2.000000,1011.538818,0.780776,0.390388
994.293640,0.500000,2.000000,1004.806519,0.780776,0.390388
952.185425,0.500000,2.000000,984.263855,0.780776,0.390388
991.767761,0.500000,2.000000,987.193298,0.780776,0.390388
1014.057800,0.500000,2.000000,997.680908,0.780776,0.390388
1020.847839,0.500000,2.000000,1006.724976,0.780776,0.390388
997.525146,0.500000,2.000000,1003.133484,0.780776,0.390388
959.011475,0.500000,2.000000,985.908752,0.780776,0.390388
987.948975,0.500000,2.000000,986.705261,0.780776,0.390388
894.632019,0.500000,2.000000,950.760986,0.780776,0.390388
905.415466,0.500000,2.000000,933.058655,0.780776,0.390388
847.784729,0.500000,2.000000,899.768738,0.780776,0.390388
971.537292,0.500000,2.000000,927.786316,0.780776,0.390388
1129.900024,0.500000,2.000000,1006.689087,0.780776,0.390388
879.907837,0.500000,2.000000,957.195190,0.780776,0.390388
960.980225,0.500000,2.000000,958.672852,0.780776,0.390388
967.140625,0.500000,2.000000,961.978577,0.780776,0.390388
940.311890,0.500000,2.000000,953.520142,0.780776,0.390388
1004.857239,0.500000,2.000000,973.561523,0.780776,0.390388
1025.948608,0.500000,2.000000,994.012817,0.780776,0.390388
995.637268,0.500000,2.000000,994.646973,0.780776,0.390388
914.357666,0.500000,2.000000,963.302979,0.780776,0.390388
1057.453857,0.500000,2.000000,1000.058350,0.780776,0.390388
984.203552,0.500000,2.000000,993.868835,0.780776,0.390388
1007.185852,0.500000,2.000000,999.067627,0.780776,0.390388
948.195190,0.500000,2.000000,979.207642,0.780776,0.390388
879.504395,0.500000,2.000000,940.284668,0.780776,0.390388
988.344971,0.500000,2.000000,959.046814,0.780776,0.390388
951.444824,0.500000,2.000000,956.079102,0.780776,0.390388
1035.370972,0.500000,2.000000,987.033691,0.780776,0.390388
891.428894,0.500000,2.000000,949.710693,0.780776,0.390388
856.055176,0.500000,2.000000,913.148682,0.780776,0.390388
1003.993469,0.500000,2.000000,948.613403,0.780776,0.390388
969.947266,0.500000,2.000000,956.941895,0.780776,0.390388
986.244202,0.500000,2.000000,968.381165,0.780776,0.390388
990.336182,0.500000,2.000000,976.952148,0.780776,0.390388
1058.200195,0.500000,2.000000,1008.670410,0.780776,0.390388
926.430237,0.500000,2.000000,976.564819,0.780776,0.390388
1039.594849,0.500000,2.000000,1001.171021,0.780776,0.390388
952.221130,0.500000,2.000000,982.061584,0.780776,0.390388
1075.478149,0.500000,2.000000,1018.530334,0.780776,0.390388
941.651184,0.500000,2.000000,988.517639,0.780776,0.390388
876.997192,0.500000,2.000000,944.981384,0.780776,0.390388
998.000549,0.500000,2.000000,965.679443,0.780776,0.390388
1052.956055,0.500000,2.000000,999.751221,0.780776,0.390388
1021.544983,0.500000,2.000000,1008.259277,0.780776,0.390388
829.674927,0.500000,2.000000,938.542053,0.780776,0.390388
1115.327393,0.500000,2.000000,1007.556946,0.780776,0.390388
851.245667,0.500000,2.000000,946.534851,0.780776,0.390388
1045.151855,0.500000,2.000000,985.033752,0.780776,0.390388
1006.863464,0.500000,2.000000,993.555786,0.780776,0.390388
945.775269,0.500000,2.000000,974.902832,0.780776,0.390388
1013.388977,0.500000,2.000000,989.927368,0.780776,0.390388
1058.014526,0.500000,2.000000,1016.507813,0.780776,0.390388
941.465454,0.500000,2.000000,987.212158,0.780776,0.390388
1002.321228,0.500000,2.000000,993.110535,0.780776,0.390388
974.699829,0.500000,2.000000,985.923218,0.780776,0.390388
985.557068,0.500000,2.000000,985.780273,0.780776,0.390388
1061.664551,0.500000,2.000000,1015.404602,0.780776,0.390388
968.673157,0.500000,2.000000,997.161194,0.780776,0.390388
984.779724,0.500000,2.000000,992.327637,0.780776,0.390388
1014.731750,0.500000,2.000000,1001.073914,0.780776,0.390388
974.454285,0.500000,2.000000,990.681946,0.780776,0.390388
1003.497009,0.500000,2.000000,995.684814,0.780776,0.390388
985.144043,0.500000,2.000000,991.569824,0.780776,0.390388
1013.062805,0.500000,2.000000,999.960449,0.780776,0.390388
993.855103,0.500000,2.000000,997.576965,0.780776,0.390388
924.364685,0.500000,2.000000,968.995728,0.780776,0.390388
887.679443,0.500000,2.000000,937.250793,0.780776,0.390388
658.235291,0.500000,2.000000,828.326416,0.780776,0.390388
979.325378,0.500000,2.000000,887.274658,0.780776,0.390388
918.401794,0.500000,2.000000,899.426331,0.780776,0.390388
891.290039,0.500000,2.000000,896.250000,0.780776,0.390388
896.837097,0.500000,2.000000,896.479187,0.780776,0.390388
994.174622,0.500000,2.000000,934.618347,0.780776,0.390388
1062.781006,0.500000,2.000000,984.651550,0.780776,0.390388
956.055786,0.500000,2.000000,973.488098,0.780776,0.390388
1015.069153,0.500000,2.000000,989.720825,0.780776,0.390388
983.802917,0.500000,2.000000,987.410522,0.780776,0.390388
996.702148,0.500000,2.000000,991.037842,0.780776,0.390388
993.348267,0.500000,2.000000,991.939819,0.780776,0.390388
1001.832825,0.500000,2.000000,995.801941,0.780776,0.390388
997.717407,0.500000,2.000000,996.549744,0.780776,0.390388
999.071716,0.500000,2.000000,997.534302,0.780776,0.390388
1002.962952,0.500000,2.000000,999.653564,0.780776,0.390388
980.009033,0.500000,2.000000,991.984558,0.780776,0.390388
969.012939,0.500000,2.000000,983.016724,0.780776,0.390388
991.896423,0.500000,2.000000,986.483276,0.780776,0.390388
1015.408386,0.500000,2.000000,997.775269,0.780776,0.390388
994.909424,0.500000,2.000000,996.656494,0.780776,0.390388
1000.235535,0.500000,2.000000,998.053711,0.780776,0.390388
996.488525,0.500000,2.000000,997.442688,0.780776,0.390388
998.560730,0.500000,2.000000,997.879150,0.780776,0.390388
981.610107,0.500000,2.000000,991.527893,0.780776,0.390388
1020.654236,0.500000,2.000000,1002.898499,0.780776,0.390388
980.270264,0.500000,2.000000,994.064697,0.780776,0.390388
1060.159912,0.500000,2.000000,1019.867493,0.780776,0.390388
948.934387,0.500000,2.000000,992.176025,0.780776,0.390388
1008.334167,0.500000,2.000000,998.483948,0.780776,0.390388
960.794250,0.500000,2.000000,983.770325,0.780776,0.390388
1047.247559,0.500000,2.000000,1008.551086,0.780776,0.390388
1017.167664,0.500000,2.000000,1011.914917,0.780776,0.390388
907.263611,0.500000,2.000000,971.060303,0.780776,0.390388
993.239868,0.500000,2.000000,979.718933,0.780776,0.390388
1050.862183,0.500000,2.000000,1007.492432,0.780776,0.390388
1004.178528,0.500000,2.000000,1006.198730,0.780776,0.390388
949.758728,0.500000,2.000000,984.165222,0.780776,0.390388
986.564026,0.500000,2.000000,985.101685,0.780776,0.390388
989.412659,0.500000,2.000000,986.784668,0.780776,0.390388
983.430481,0.500000,2.000000,985.475220,0.780776,0.390388
1044.157227,0.500000,2.000000,1008.383972,0.780776,0.390388
1024.965332,0.500000,2.000000,1014.857117,0.780776,0.390388
981.749146,0.500000,2.000000,1001.932129,0.780776,0.390388
913.406128,0.500000,2.000000,967.372620,0.780776,0.390388
978.470215,0.500000,2.000000,971.705017,0.780776,0.390388
1060.470215,0.500000,2.000000,1006.357910,0.780776,0.390388
968.230164,0.500000,2.000000,991.473267,0.780776,0.390388
1051.632568,0.500000,2.000000,1014.958740,0.780776,0.390388
1006.389587,0.500000,2.000000,1011.613464,0.780776,0.390388
981.674255,0.500000,2.000000,999.925537,0.780776,0.390388
992.354919,0.500000,2.000000,996.970032,0.780776,0.390388
1070.202271,0.500000,2.000000,1025.559082,0.780776,0.390388
901.596375,0.500000,2.000000,977.165527,0.780776,0.390388
990.063232,0.500000,2.000000,982.200623,0.780776,0.390388
1013.234070,0.500000,2.000000,994.315735,0.780776,0.390388
965.277893,0.500000,2.000000,982.979675,0.780776,0.390388
994.518188,0.500000,2.000000,987.484192,0.780776,0.390388
1070.930542,0.500000,2.000000,1020.060669,0.780776,0.390388
973.419312,0.500000,2.000000,1001.852417,0.780776,0.390388
950.822449,0.500000,2.000000,981.930908,0.780776,0.390388
885.722473,0.500000,2.000000,944.372253,0.780776,0.390388
975.892639,0.500000,2.000000,956.677429,0.780776,0.390388
983.755615,0.500000,2.000000,967.248413,0.780776,0.390388
1000.158020,0.500000,2.000000,980.095947,0.780776,0.390388
984.114136,0.500000,2.000000,981.664612,0.780776,0.390388
971.670532,0.500000,2.000000,977.763062,0.780776,0.390388
985.629822,0.500000,2.000000,980.834167,0.780776,0.390388
1029.334229,0.500000,2.000000,999.768005,0.780776,0.390388
786.351135,0.500000,2.000000,916.452576,0.780776,0.390388
1012.492004,0.500000,2.000000,953.945251,0.780776,0.390388
1083.117188,0.500000,2.000000,1004.372437,0.780776,0.390388
951.075134,0.500000,2.000000,983.565796,0.780776,0.390388
1024.803955,0.500000,2.000000,999.664673,0.780776,0.390388
952.558533,0.500000,2.000000,981.274963,0.780776,0.390388
932.908936,0.500000,2.000000,962.393433,0.780776,0.390388
1085.721802,0.500000,2.000000,1010.539368,0.780776,0.390388
939.327393,0.500000,2.000000,982.739075,0.780776,0.390388
952.955200,0.500000,2.000000,971.111816,0.780776,0.390388
856.243347,0.500000,2.000000,926.268555,0.780776,0.390388
1025.815063,0.500000,2.000000,965.130310,0.780776,0.390388
977.663757,0.500000,2.000000,970.023193,0.780776,0.390388
1005.307190,0.500000,2.000000,983.797668,0.780776,0.390388
1079.311646,0.500000,2.000000,1021.085205,0.780776,0.390388
934.478699,0.500000,2.000000,987.275024,0.780776,0.390388
1046.703491,0.500000,2.000000,1010.475220,0.780776,0.390388
1042.295288,0.500000,2.000000,1022.897400,0.780776,0.390388
946.669678,0.500000,2.000000,993.138977,0.780776,0.390388
939.522400,0.500000,2.000000,972.207703,0.780776,0.390388
1111.293579,0.500000,2.000000,1026.505127,0.780776,0.390388
969.823181,0.500000,2.000000,1004.377136,0.780776,0.390388
911.793274,0.500000,2.000000,968.233521,0.780776,0.390388
885.843506,0.500000,2.000000,936.069458,0.780776,0.390388
1006.679138,0.500000,2.000000,963.634644,0.780776,0.390388
1072.278442,0.500000,2.000000,1006.047913,0.780776,0.390388
997.777588,0.500000,2.000000,1002.819275,0.780776,0.390388
1004.684021,0.500000,2.000000,1003.547241,0.780776,0.390388
983.901367,0.500000,2.000000,995.877747,0.780776,0.390388
983.758850,0.500000,2.000000,991.146667,0.780776,0.390388
1014.291199,0.500000,2.000000,1000.182007,0.780776,0.390388
998.853210,0.500000,2.000000,999.663269,0.780776,0.390388
995.044373,0.500000,2.000000,997.860107,0.780776,0.390388
978.970276,0.500000,2.000000,990.485718,0.780776,0.390388
997.367859,0.500000,2.000000,993.172424,0.780776,0.390388
1005.524231,0.500000,2.000000,997.994446,0.780776,0.390388
1002.074646,0.500000,2.000000,999.587280,0.780776,0.390388
992.094727,0.500000,2.000000,996.662292,0.780776,0.390388
987.525879,0.500000,2.000000,993.095520,0.780776,0.390388
1000.765320,0.500000,2.000000,996.089722,0.780776,0.390388
1001.124817,0.500000,2.000000,998.055359,0.780776,0.390388
999.698303,0.500000,2.000000,998.696716,0.780776,0.390388
991.280701,0.500000,2.000000,995.801575,0.780776,0.390388
996.247681,0.500000,2.000000,995.975708,0.780776,0.390388
999.174500,0.500000,2.000000,997.224487,0.780776,0.390388
1001.669983,0.500000,2.000000,998.959961,0.780776,0.390388
996.514954,0.500000,2.000000,998.005432,0.780776,0.390388
996.511353,0.500000,2.000000,997.422180,0.780776,0.390388
1010.452332,0.500000,2.000000,1002.508972,0.780776,0.390388
1016.752502,0.500000,2.000000,1008.069458,0.780776,0.390388
780.579712,0.500000,2.000000,919.260132,0.780776,0.390388
810.995972,0.500000,2.000000,876.995056,0.780776,0.390388
986.898315,0.500000,2.000000,919.899963,0.780776,0.390388
662.836365,0.500000,2.000000,819.545349,0.780776,0.390388
972.852051,0.500000,2.000000,879.394470,0.780776,0.390388
949.535278,0.500000,2.000000,906.776611,0.780776,0.390388
991.059326,0.500000,2.000000,939.679565,0.780776,0.390388
1043.134766,0.500000,2.000000,980.067261,0.780776,0.390388
954.718384,0.500000,2.000000,970.171387,0.780776,0.390388
920.010803,0.500000,2.000000,950.589294,0.780776,0.390388
1043.097168,0.500000,2.000000,986.703247,0.780776,0.390388
1007.555969,0.500000,2.000000,994.843933,0.780776,0.390388
933.785095,0.500000,2.000000,971.007263,0.780776,0.390388
1002.194641,0.500000,2.000000,983.182434,0.780776,0.390388
1035.452515,0.500000,2.000000,1003.588074,0.780776,0.390388
968.400085,0.500000,2.000000,989.851074,0.780776,0.390388
994.457153,0.500000,2.000000,991.649231,0.780776,0.390388
991.916748,0.500000,2.000000,991.753662,0.780776,0.390388
952.902161,0.500000,2.000000,976.586487,0.780776,0.390388
1065.824585,0.500000,2.000000,1011.424011,0.780776,0.390388
990.030212,0.500000,2.000000,1003.072144,0.780776,0.390388
991.232666,0.500000,2.000000,998.450134,0.780776,0.390388
1034.394775,0.500000,2.000000,1012.482483,0.780776,0.390388
937.725586,0.500000,2.000000,983.298279,0.780776,0.390388
913.276123,0.500000,2.000000,955.962463,0.780776,0.390388
825.194824,0.500000,2.000000,904.912354,0.780776,0.390388
951.680664,0.500000,2.000000,923.170166,0.780776,0.390388
925.055237,0.500000,2.000000,923.906067,0.780776,0.390388
919.578918,0.500000,2.000000,922.216797,0.780776,0.390388
988.369812,0.500000,2.000000,948.042175,0.780776,0.390388
933.998474,0.500000,2.000000,942.559692,0.780776,0.390388
1003.335999,0.500000,2.000000,966.286072,0.780776,0.390388
794.997681,0.500000,2.000000,899.417114,0.780776,0.390388
1102.550659,0.500000,2.000000,978.718018,0.780776,0.390388
843.971619,0.500000,2.000000,926.114624,0.780776,0.390388
1050.412964,0.500000,2.000000,974.639221,0.780776,0.390388
932.720093,0.500000,2.000000,958.274475,0.780776,0.390388
1007.744080,0.500000,2.000000,977.586853,0.780776,0.390388
981.866821,0.500000,2.000000,979.257690,0.780776,0.390388
1063.812744,0.500000,2.000000,1012.266968,0.780776,0.390388
1002.149475,0.500000,2.000000,1008.317200,0.780776,0.390388
981.918701,0.500000,2.000000,998.011536,0.780776,0.390388
949.112366,0.500000,2.000000,978.921875,0.780776,0.390388
1051.389160,0.500000,2.000000,1007.212219,0.780776,0.390388
891.518555,0.500000,2.000000,962.046753,0.780776,0.390388
1005.109070,0.500000,2.000000,978.857788,0.780776,0.390388
947.709778,0.500000,2.000000,966.697998,0.780776,0.390388
962.268921,0.500000,2.000000,964.968933,0.780776,0.390388
1068.203979,0.500000,2.000000,1005.270691,0.780776,0.390388
972.312256,0.500000,2.000000,992.404114,0.780776,0.390388
1013.805237,0.500000,2.000000,1000.758850,0.780776,0.390388
931.469910,0.500000,2.000000,973.709290,0.780776,0.390388
1033.873657,0.500000,2.000000,997.196777,0.780776,0.390388
952.274414,0.500000,2.000000,979.659607,0.780776,0.390388
1016.678772,0.500000,2.000000,994.111450,0.780776,0.390388
1017.483948,0.500000,2.000000,1003.235779,0.780776,0.390388
895.724304,0.500000,2.000000,961.264587,0.780776,0.390388
1051.549072,0.500000,2.000000,996.510559,0.780776,0.390388
997.360046,0.500000,2.000000,996.842163,0.780776,0.390388
890.478760,0.500000,2.000000,955.319153,0.780776,0.390388
1062.891968,0.500000,2.000000,997.314331,0.780776,0.390388
984.731995,0.500000,2.000000,992.402344,0.780776,0.390388
1019.849670,0.500000,2.000000,1003.117432,0.780776,0.390388
1016.287659,0.500000,2.000000,1008.258911,0.780776,0.390388
948.343323,0.500000,2.000000,984.868591,0.780776,0.390388
1001.371521,0.500000,2.000000,991.311157,0.780776,0.390388
1019.040833,0.500000,2.000000,1002.136475,0.780776,0.390388
1035.987183,0.500000,2.000000,1015.351379,0.780776,0.390388
950.925293,0.500000,2.000000,990.200195,0.780776,0.390388
1010.754700,0.500000,2.000000,998.224426,0.780776,0.390388
991.777771,0.500000,2.000000,995.707703,0.780776,0.390388
976.725220,0.500000,2.000000,988.297180,0.780776,0.390388
1004.139832,0.500000,2.000000,994.481934,0.780776,0.390388
1004.457458,0.500000,2.000000,998.376282,0.780776,0.390388
995.267212,0.500000,2.000000,997.162537,0.780776,0.390388
1008.584412,0.500000,2.000000,1001.621521,0.780776,0.390388
1007.743103,0.500000,2.000000,1004.011292,0.780776,0.390388
1024.680298,0.500000,2.000000,1012.080200,0.780776,0.390388
936.712830,0.500000,2.000000,982.657654,0.780776,0.390388
992.589172,0.500000,2.000000,986.534790,0.780776,0.390388
993.919189,0.500000,2.000000,989.417603,0.780776,0.390388
997.307190,0.500000,2.000000,992.497620,0.780776,0.390388
1001.927673,0.500000,2.000000,996.179016,0.780776,0.390388
1000.909119,0.500000,2.000000,998.025574,0.780776,0.390388
1004.445007,0.500000,2.000000,1000.531616,0.780776,0.390388
999.007446,0.500000,2.000000,999.936584,0.780776,0.390388
997.753479,0.500000,2.000000,999.084351,0.780776,0.390388
957.240234,0.500000,2.000000,982.748901,0.780776,0.390388
1020.287292,0.500000,2.000000,997.403442,0.780776,0.390388
978.391235,0.500000,2.000000,989.981323,0.780776,0.390388
970.040405,0.500000,2.000000,982.196594,0.780776,0.390388
1033.372559,0.500000,2.000000,1002.175110,0.780776,0.390388
951.158875,0.500000,2.000000,982.258972,0.780776,0.390388
1007.021179,0.500000,2.000000,991.925842,0.780776,0.390388
1050.009033,0.500000,2.000000,1014.600830,0.780776,0.390388
942.732971,0.500000,2.000000,986.544495,0.780776,0.390388
990.946716,0.500000,2.000000,988.263062,0.780776,0.390388
1030.989136,0.500000,2.000000,1004.942810,0.780776,0.390388
975.250793,0.500000,2.000000,993.351379,0.780776,0.390388
1003.284729,0.500000,2.000000,997.229248,0.780776,0.390388
1021.949402,0.500000,2.000000,1006.879700,0.780776,0.390388
975.334900,0.500000,2.000000,994.565002,0.780776,0.390388
977.579651,0.500000,2.000000,987.934143,0.780776,0.390388
1023.136292,0.500000,2.000000,1001.676636,0.780776,0.390388
1007.819153,0.500000,2.000000,1004.074585,0.780776,0.390388
971.754028,0.500000,2.000000,991.457031,0.780776,0.390388
939.154053,0.500000,2.000000,971.038574,0.780776,0.390388
1030.455200,0.500000,2.000000,994.234131,0.780776,0.390388
993.888306,0.500000,2.000000,994.099121,0.780776,0.390388
1032.066162,0.500000,2.000000,1008.921021,0.780776,0.390388
995.833618,0.500000,2.000000,1003.811829,0.780776,0.390388
918.578735,0.500000,2.000000,970.537842,0.780776,0.390388
1036.973511,0.500000,2.000000,996.473572,0.780776,0.390388
1032.100952,0.500000,2.000000,1010.382080,0.780776,0.390388
993.712097,0.500000,2.000000,1003.874329,0.780776,0.390388
990.151611,0.500000,2.000000,998.517151,0.780776,0.390388
942.052002,0.500000,2.000000,976.473816,0.780776,0.390388
1067.463867,0.500000,2.000000,1011.995239,0.780776,0.390388
941.445496,0.500000,2.000000,984.453430,0.780776,0.390388
1043.221924,0.500000,2.000000,1007.395935,0.780776,0.390388
960.396606,0.500000,2.000000,989.047974,0.780776,0.390388
1012.249939,0.500000,2.000000,998.105774,0.780776,0.390388
990.469543,0.500000,2.000000,995.124695,0.780776,0.390388
981.880188,0.500000,2.000000,989.954224,0.780776,0.390388
1034.962280,0.500000,2.000000,1007.524841,0.780776,0.390388
956.680969,0.500000,2.000000,987.676025,0.780776,0.390388
1004.051331,0.500000,2.000000,994.068726,0.780776,0.390388
916.804260,0.500000,2.000000,963.905579,0.780776,0.390388
1029.384766,0.500000,2.000000,989.467896,0.780776,0.390388
1034.812866,0.500000,2.000000,1007.170044,0.780776,0.390388
1007.914612,0.500000,2.000000,1007.460693,0.780776,0.390388
1040.377563,0.500000,2.000000,1020.311035,0.780776,0.390388
1006.926331,0.500000,2.000000,1015.085815,0.780776,0.390388
903.921204,0.500000,2.000000,971.688477,0.780776,0.390388
1008.658875,0.500000,2.000000,986.121277,0.780776,0.390388
1050.500854,0.500000,2.000000,1011.254272,0.780776,0.390388
935.915100,0.500000,2.000000,981.842773,0.780776,0.390388
971.639343,0.500000,2.000000,977.859497,0.780776,0.390388
1013.500793,0.500000,2.000000,991.773438,0.780776,0.390388
964.084961,0.500000,2.000000,980.964172,0.780776,0.390388
966.070984,0.500000,2.000000,975.150024,0.780776,0.390388
987.133240,0.500000,2.000000,979.828125,0.780776,0.390388
1040.789551,0.500000,2.000000,1003.626770,0.780776,0.390388
963.032532,0.500000,2.000000,987.779236,0.780776,0.390388
986.622009,0.500000,2.000000,987.327454,0.780776,0.390388
989.076355,0.500000,2.000000,988.010193,0.780776,0.390388
1078.445435,0.500000,2.000000,1023.315063,0.780776,0.390388
920.937561,0.500000,2.000000,983.348083,0.780776,0.390388
1058.936768,0.500000,2.000000,1012.856995,0.780776,0.390388
965.435730,0.500000,2.000000,994.344299,0.780776,0.390388
994.339966,0.500000,2.000000,994.342590,0.780776,0.390388
987.289856,0.500000,2.000000,991.589294,0.780776,0.390388
1009.060730,0.500000,2.000000,998.409912,0.780776,0.390388
993.463745,0.500000,2.000000,996.479004,0.780776,0.390388
996.271545,0.500000,2.000000,996.398010,0.780776,0.390388
1001.205139,0.500000,2.000000,998.274658,0.780776,0.390388
997.431763,0.500000,2.000000,997.945618,0.780776,0.390388
1001.902039,0.500000,2.000000,999.490173,0.780776,0.390388
981.753906,0.500000,2.000000,992.566162,0.780776,0.390388
999.099487,0.500000,2.000000,995.116699,0.780776,0.390388
998.784851,0.500000,2.000000,996.548706,0.780776,0.390388
997.393921,0.500000,2.000000,996.878662,0.780776,0.390388
994.660828,0.500000,2.000000,996.012817,0.780776,0.390388
992.622925,0.500000,2.000000,994.689453,0.780776,0.390388
1001.823669,0.500000,2.000000,997.474548,0.780776,0.390388
1000.444641,0.500000,2.000000,998.634033,0.780776,0.390388
997.947510,0.500000,2.000000,998.366028,0.780776,0.390388
995.255737,0.500000,2.000000,997.151794,0.780776,0.390388
995.125122,0.500000,2.000000,996.360596,0.780776,0.390388
997.661011,0.500000,2.000000,996.868286,0.780776,0.390388
995.378174,0.500000,2.000000,996.286560,0.780776,0.390388
996.036438,0.500000,2.000000,996.188904,0.780776,0.390388
996.893372,0.500000,2.000000,996.463928,0.780776,0.390388
995.431519,0.500000,2.000000,996.060913,0.780776,0.390388
997.070068,0.500000,2.000000,996.454895,0.780776,0.390388
997.518677,0.500000,2.000000,996.870178,0.780776,0.390388
995.964783,0.500000,2.000000,996.516724,0.780776,0.390388
996.632507,0.500000,2.000000,996.561951,0.780776,0.390388
995.854248,0.500000,2.000000,996.285645,0.780776,0.390388
995.665222,0.500000,2.000000,996.043457,0.780776,0.390388
997.247314,0.500000,2.000000,996.513428,0.780776,0.390388
995.023071,0.500000,2.000000,995.931641,0.780776,0.390388
994.047668,0.500000,2.000000,995.196167,0.780776,0.390388
997.587585,0.500000,2.000000,996.129761,0.780776,0.390388
997.734924,0.500000,2.000000,996.756409,0.780776,0.390388
995.298828,0.500000,2.000000,996.187378,0.780776,0.390388
998.539612,0.500000,2.000000,997.105652,0.780776,0.390388
1005.732239,0.500000,2.000000,1000.473389,0.780776,0.390388
1011.524475,0.500000,2.000000,1004.787598,0.780776,0.390388
987.109802,0.500000,2.000000,997.886414,0.780776,0.390388
1008.051086,0.500000,2.000000,1001.854553,0.780776,0.390388
1072.373291,0.500000,2.000000,1029.384277,0.780776,0.390388
1173.523926,0.500000,2.000000,1085.654663,0.780776,0.390388
1173.681763,0.500000,2.000000,1120.019409,0.780776,0.390388
1139.894165,0.500000,2.000000,1127.778320,0.780776,0.390388
1113.143555,0.500000,2.000000,1122.065063,0.780776,0.390388
1077.494141,0.500000,2.000000,1104.665161,0.780776,0.390388
1063.928223,0.500000,2.000000,1088.761963,0.780776,0.390388
1070.053833,0.500000,2.000000,1081.458496,0.780776,0.390388
1079.440186,0.500000,2.000000,1080.670532,0.780776,0.390388
1064.940796,0.500000,2.000000,1074.529785,0.780776,0.390388
1039.265625,0.500000,2.000000,1060.763062,0.780776,0.390388
1025.580444,0.500000,2.000000,1047.028198,0.780776,0.390388
1006.955872,0.500000,2.000000,1031.384399,0.780776,0.390388
995.242554,0.500000,2.000000,1017.275024,0.780776,0.390388
996.843445,0.500000,2.000000,1009.298767,0.780776,0.390388
998.019897,0.500000,2.000000,1004.895630,0.780776,0.390388
1008.238342,0.500000,2.000000,1006.200562,0.780776,0.390388
1007.267151,0.500000,2.000000,1006.616943,0.780776,0.390388
997.347961,0.500000,2.000000,1002.998413,0.780776,0.390388
989.483337,0.500000,2.000000,997.722290,0.780776,0.390388
973.409485,0.500000,2.000000,988.230835,0.780776,0.390388
943.836487,0.500000,2.000000,970.899780,0.780776,0.390388
939.295105,0.500000,2.000000,958.561707,0.780776,0.390388
954.101196,0.500000,2.000000,956.820374,0.780776,0.390388
960.302673,0.500000,2.000000,958.179810,0.780776,0.390388
935.364136,0.500000,2.000000,949.272827,0.780776,0.390388
919.175049,0.500000,2.000000,937.523010,0.780776,0.390388
930.827759,0.500000,2.000000,934.909241,0.780776,0.390388
946.198364,0.500000,2.000000,939.316406,0.780776,0.390388
967.105896,0.500000,2.000000,950.165100,0.780776,0.390388
985.712708,0.500000,2.000000,964.042480,0.780776,0.390388
991.731079,0.500000,2.000000,974.851807,0.780776,0.390388
980.235229,0.500000,2.000000,976.953430,0.780776,0.390388
960.891724,0.500000,2.000000,970.683105,0.780776,0.390388
946.030945,0.500000,2.000000,961.059204,0.780776,0.390388
926.077515,0.500000,2.000000,947.402771,0.780776,0.390388
921.550354,0.500000,2.000000,937.310303,0.780776,0.390388
936.098511,0.500000,2.000000,936.837219,0.780776,0.390388
954.407959,0.500000,2.000000,943.696655,0.780776,0.390388
961.774231,0.500000,2.000000,950.753906,0.780776,0.390388
958.548523,0.500000,2.000000,953.796814,0.780776,0.390388
968.214417,0.500000,2.000000,959.425293,0.780776,0.390388
978.688660,0.500000,2.000000,966.945496,0.780776,0.390388
991.700500,0.500000,2.000000,976.609558,0.780776,0.390388
1002.680115,0.500000,2.000000,986.787170,0.780776,0.390388
987.967224,0.500000,2.000000,987.247864,0.780776,0.390388
965.192078,0.500000,2.000000,978.637573,0.780776,0.390388
953.860474,0.500000,2.000000,968.964905,0.780776,0.390388
954.480103,0.500000,2.000000,963.310181,0.780776,0.390388
963.871277,0.500000,2.000000,963.529236,0.780776,0.390388
969.454529,0.500000,2.000000,965.842407,0.780776,0.390388
969.419250,0.500000,2.000000,967.238770,0.780776,0.390388
967.419556,0.500000,2.000000,967.309326,0.780776,0.390388
975.503357,0.500000,2.000000,970.508179,0.780776,0.390388
975.804626,0.500000,2.000000,972.575867,0.780776,0.390388
980.266663,0.500000,2.000000,975.578247,0.780776,0.390388
973.410461,0.500000,2.000000,974.731995,0.780776,0.390388
960.914734,0.500000,2.000000,969.337891,0.780776,0.390388
944.551331,0.500000,2.000000,959.661499,0.780776,0.390388
926.559875,0.500000,2.000000,946.739014,0.780776,0.390388
954.554443,0.500000,2.000000,949.790039,0.780776,0.390388
981.639893,0.500000,2.000000,962.223816,0.780776,0.390388
974.208313,0.500000,2.000000,966.902405,0.780776,0.390388
940.215942,0.500000,2.000000,956.484314,0.780776,0.390388
917.439026,0.500000,2.000000,941.241516,0.780776,0.390388
930.908569,0.500000,2.000000,937.207642,0.780776,0.390388
948.744385,0.500000,2.000000,941.711426,0.780776,0.390388
951.342896,0.500000,2.000000,945.471436,0.780776,0.390388
954.114685,0.500000,2.000000,948.845642,0.780776,0.390388
937.671753,0.500000,2.000000,944.483459,0.780776,0.390388
928.240234,0.500000,2.000000,938.142273,0.780776,0.390388
926.090942,0.500000,2.000000,933.437561,0.780776,0.390388
924.137146,0.500000,2.000000,929.806763,0.780776,0.390388
931.858582,0.500000,2.000000,930.607788,0.780776,0.390388
926.867859,0.500000,2.000000,929.147766,0.780776,0.390388
906.683594,0.500000,2.000000,920.377991,0.780776,0.390388
892.394348,0.500000,2.000000,909.453491,0.780776,0.390388
873.188232,0.500000,2.000000,895.295959,0.780776,0.390388
852.087830,0.500000,2.000000,878.428040,0.780776,0.390388
850.480103,0.500000,2.000000,867.517517,0.780776,0.390388
857.362305,0.500000,2.000000,863.553040,0.780776,0.390388
844.806274,0.500000,2.000000,856.234497,0.780776,0.390388
836.948059,0.500000,2.000000,848.705322,0.780776,0.390388
835.545837,0.500000,2.000000,843.567993,0.780776,0.390388
814.478210,0.500000,2.000000,832.211670,0.780776,0.390388
811.449707,0.500000,2.000000,824.106445,0.780776,0.390388
814.976135,0.500000,2.000000,820.542053,0.780776,0.390388
805.732361,0.500000,2.000000,814.760498,0.780776,0.390388
785.158691,0.500000,2.000000,803.204285,0.780776,0.390388
764.417297,0.500000,2.000000,788.062317,0.780776,0.390388
750.993530,0.500000,2.000000,773.591125,0.780776,0.390388
746.825378,0.500000,2.000000,763.142090,0.780776,0.390388
736.922180,0.500000,2.000000,752.906128,0.780776,0.390388
730.772766,0.500000,2.000000,744.265503,0.780776,0.390388
734.618042,0.500000,2.000000,740.499268,0.780776,0.390388
743.425232,0.500000,2.000000,741.641541,0.780776,0.390388
719.599182,0.500000,2.000000,733.036438,0.780776,0.390388
681.769104,0.500000,2.000000,713.022278,0.780776,0.390388
671.648010,0.500000,2.000000,696.870239,0.780776,0.390388
658.076294,0.500000,2.000000,681.725525,0.780776,0.390388
636.771179,0.500000,2.000000,664.175903,0.780776,0.390388
629.272461,0.500000,2.000000,650.549988,0.780776,0.390388
609.790405,0.500000,2.000000,634.637939,0.780776,0.390388
598.143860,0.500000,2.000000,620.391052,0.780776,0.390388
605.493896,0.500000,2.000000,614.575378,0.780776,0.390388
582.079346,0.500000,2.000000,601.889282,0.780776,0.390388
558.003845,0.500000,2.000000,584.756897,0.780776,0.390388
529.932678,0.500000,2.000000,563.354187,0.780776,0.390388
512.146729,0.500000,2.000000,543.363403,0.780776,0.390388
494.048645,0.500000,2.000000,524.111511,0.780776,0.390388
480.209991,0.500000,2.000000,506.972870,0.780776,0.390388
479.004486,0.500000,2.000000,496.054352,0.780776,0.390388
486.587524,0.500000,2.000000,492.358612,0.780776,0.390388
466.191040,0.500000,2.000000,482.143097,0.780776,0.390388
453.566559,0.500000,2.000000,470.987152,0.780776,0.390388
444.118317,0.500000,2.000000,460.497864,0.780776,0.390388
420.440125,0.500000,2.000000,444.859802,0.780776,0.390388
402.655457,0.500000,2.000000,428.383728,0.780776,0.390388
394.329712,0.500000,2.000000,415.089447,0.780776,0.390388
389.672943,0.500000,2.000000,405.167145,0.780776,0.390388
378.031586,0.500000,2.000000,394.573730,0.780776,0.390388
362.965057,0.500000,2.000000,382.234070,0.780776,0.390388
347.626617,0.500000,2.000000,368.723724,0.780776,0.390388
333.123596,0.500000,2.000000,354.825867,0.780776,0.390388
316.314667,0.500000,2.000000,339.791534,0.780776,0.390388
298.576111,0.500000,2.000000,323.701508,0.780776,0.390388
299.749481,0.500000,2.000000,314.350922,0.780776,0.390388
304.707550,0.500000,2.000000,310.586273,0.780776,0.390388
298.148254,0.500000,2.000000,305.730621,0.780776,0.390388
298.654510,0.500000,2.000000,302.968201,0.780776,0.390388
275.379517,0.500000,2.000000,292.197906,0.780776,0.390388
249.869415,0.500000,2.000000,275.673370,0.780776,0.390388
246.192657,0.500000,2.000000,264.164459,0.780776,0.390388
229.977249,0.500000,2.000000,250.818176,0.780776,0.390388
225.118835,0.500000,2.000000,240.785461,0.780776,0.390388
246.350037,0.500000,2.000000,242.957809,0.780776,0.390388
243.852112,0.500000,2.000000,243.306931,0.780776,0.390388
218.800446,0.500000,2.000000,233.739883,0.780776,0.390388
211.121033,0.500000,2.000000,224.909744,0.780776,0.390388
202.935913,0.500000,2.000000,216.331421,0.780776,0.390388
174.735779,0.500000,2.000000,200.092972,0.780776,0.390388
160.988586,0.500000,2.000000,184.827087,0.780776,0.390388
151.436783,0.500000,2.000000,171.791901,0.780776,0.390388
134.289871,0.500000,2.000000,157.151550,0.780776,0.390388
119.306770,0.500000,2.000000,142.377396,0.780776,0.390388
110.054115,0.500000,2.000000,129.758774,0.780776,0.390388
92.227516,0.500000,2.000000,115.107010,0.780776,0.390388
90.657562,0.500000,2.000000,105.562233,0.780776,0.390388
103.195518,0.500000,2.000000,104.638298,0.780776,0.390388
107.262001,0.500000,2.000000,105.662560,0.780776,0.390388
104.298897,0.500000,2.000000,105.130203,0.780776,0.390388
98.898186,0.500000,2.000000,102.697296,0.780776,0.390388
80.101959,0.500000,2.000000,93.876343,0.780776,0.390388
52.624901,0.500000,2.000000,77.772263,0.780776,0.390388
44.239716,0.500000,2.000000,64.681549,0.780776,0.390388
37.492302,0.500000,2.000000,54.067188,0.780776,0.390388
34.828712,0.500000,2.000000,46.556713,0.780776,0.390388
40.422150,0.500000,2.000000,44.161850,0.780776,0.390388
29.169985,0.500000,2.000000,38.309204,0.780776,0.390388
12.509844,0.500000,2.000000,28.237438,0.780776,0.390388
6.573421,0.500000,2.000000,19.780062,0.780776,0.390388
0.719255,0.500000,2.000000,12.338948,0.780776,0.390388
7.728292,0.500000,2.000000,10.539002,0.780776,0.390388
10.548506,0.500000,2.000000,10.542712,0.780776,0.390388
-0.345098,0.500000,2.000000,6.292240,0.780776,0.390388
-13.073256,0.500000,2.000000,-1.267821,0.780776,0.390388
-17.794365,0.500000,2.000000,-7.719588,0.780776,0.390388
-28.166935,0.500000,2.000000,-15.701990,0.780776,0.390388
-43.644279,0.500000,2.000000,-26.610329,0.780776,0.390388
-48.369164,0.500000,2.000000,-35.104721,0.780776,0.390388
-53.725769,0.500000,2.000000,-42.374157,0.780776,0.390388
-73.174553,0.500000,2.000000,-54.398270,0.780776,0.390388
-66.658226,0.500000,2.000000,-59.184410,0.780776,0.390388
-48.299522,0.500000,2.000000,-54.935078,0.780776,0.390388
-50.610035,0.500000,2.000000,-53.246632,0.780776,0.390388
-63.148689,0.500000,2.000000,-57.112278,0.780776,0.390388
-55.939247,0.500000,2.000000,-56.654339,0.780776,0.390388
-28.097805,0.500000,2.000000,-45.506207,0.780776,0.390388
-1.652018,0.500000,2.000000,-28.386049,0.780776,0.390388
41.011955,0.500000,2.000000,-1.293888,0.780776,0.390388
90.687721,0.500000,2.000000,34.614647,0.780776,0.390388
90.581604,0.500000,2.000000,56.463486,0.780776,0.390388
98.740662,0.500000,2.000000,72.967995,0.780776,0.390388
115.532829,0.500000,2.000000,89.584801,0.780776,0.390388
86.467796,0.500000,2.000000,88.367958,0.780776,0.390388
76.399117,0.500000,2.000000,83.695465,0.780776,0.390388
106.899895,0.500000,2.000000,92.754196,0.780776,0.390388
99.842476,0.500000,2.000000,95.521378,0.780776,0.390388
138.776398,0.500000,2.000000,112.407623,0.780776,0.390388
199.457947,0.500000,2.000000,146.391037,0.780776,0.390388
217.669418,0.500000,2.000000,174.217270,0.780776,0.390388
240.548218,0.500000,2.000000,200.112091,0.780776,0.390388
268.096863,0.500000,2.000000,226.652542,0.780776,0.390388
285.691864,0.500000,2.000000,249.700790,0.780776,0.390388
319.434296,0.500000,2.000000,276.923920,0.780776,0.390388
381.500671,0.500000,2.000000,317.749451,0.780776,0.390388
404.069244,0.500000,2.000000,351.447693,0.780776,0.390388
383.824402,0.500000,2.000000,364.087189,0.780776,0.390388
358.230072,0.500000,2.000000,361.800629,0.780776,0.390388
357.959869,0.500000,2.000000,360.301239,0.780776,0.390388
381.665924,0.500000,2.000000,368.641754,0.780776,0.390388
384.389893,0.500000,2.000000,374.789642,0.780776,0.390388
375.623474,0.500000,2.000000,375.115173,0.780776,0.390388
384.205475,0.500000,2.000000,378.663910,0.780776,0.390388
409.574493,0.500000,2.000000,390.731049,0.780776,0.390388
455.474884,0.500000,2.000000,416.006287,0.780776,0.390388
488.864990,0.500000,2.000000,444.449463,0.780776,0.390388
491.295715,0.500000,2.000000,462.737671,0.780776,0.390388
484.206665,0.500000,2.000000,471.118927,0.780776,0.390388
506.599182,0.500000,2.000000,484.970001,0.780776,0.390388
526.768066,0.500000,2.000000,501.287476,0.780776,0.390388
525.754639,0.500000,2.000000,510.839172,0.780776,0.390388
524.497070,0.500000,2.000000,516.171082,0.780776,0.390388
522.705444,0.500000,2.000000,518.722046,0.780776,0.390388
532.273438,0.500000,2.000000,524.012329,0.780776,0.390388
543.374878,0.500000,2.000000,531.571228,0.780776,0.390388
549.447205,0.500000,2.000000,538.549805,0.780776,0.390388
607.182800,0.500000,2.000000,565.343323,0.780776,0.390388
651.236938,0.500000,2.000000,598.875183,0.780776,0.390388
648.745300,0.500000,2.000000,618.343872,0.780776,0.390388
658.878845,0.500000,2.000000,634.168274,0.780776,0.390388
666.589294,0.500000,2.000000,646.825073,0.780776,0.390388
683.893982,0.500000,2.000000,661.296326,0.780776,0.390388
689.531921,0.500000,2.000000,672.319153,0.780776,0.390388
682.769531,0.500000,2.000000,676.398865,0.780776,0.390388
715.907227,0.500000,2.000000,691.822449,0.780776,0.390388
701.702209,0.500000,2.000000,695.679382,0.780776,0.390388
691.658081,0.500000,2.000000,694.109497,0.780776,0.390388
753.987732,0.500000,2.000000,717.485229,0.780776,0.390388
754.883850,0.500000,2.000000,732.085205,0.780776,0.390388
770.357483,0.500000,2.000000,747.026245,0.780776,0.390388
781.500488,0.500000,2.000000,760.484558,0.780776,0.390388
843.128662,0.500000,2.000000,792.747864,0.780776,0.390388
877.436401,0.500000,2.000000,825.809265,0.780776,0.390388
883.563110,0.500000,2.000000,848.355713,0.780776,0.390388
831.287170,0.500000,2.000000,841.692383,0.780776,0.390388
822.081726,0.500000,2.000000,834.036621,0.780776,0.390388
770.218262,0.500000,2.000000,809.122681,0.780776,0.390388
795.813049,0.500000,2.000000,803.926758,0.780776,0.390388
873.752747,0.500000,2.000000,831.185974,0.780776,0.390388
897.172729,0.500000,2.000000,856.946411,0.780776,0.390388
911.845703,0.500000,2.000000,878.378418,0.780776,0.390388
952.127625,0.500000,2.000000,907.169250,0.780776,0.390388
994.377441,0.500000,2.000000,941.214294,0.780776,0.390388
954.801270,0.500000,2.000000,946.518494,0.780776,0.390388
897.282898,0.500000,2.000000,927.297485,0.780776,0.390388
888.516541,0.500000,2.000000,912.157837,0.780776,0.390388
913.003967,0.500000,2.000000,912.488159,0.780776,0.390388
939.242920,0.500000,2.000000,922.932922,0.780776,0.390388
965.386719,0.500000,2.000000,939.506409,0.780776,0.390388
991.825562,0.500000,2.000000,959.931213,0.780776,0.390388
979.072632,0.500000,2.000000,967.403809,0.780776,0.390388
958.256958,0.500000,2.000000,963.833008,0.780776,0.390388
908.803467,0.500000,2.000000,942.350098,0.780776,0.390388
939.763794,0.500000,2.000000,941.340454,0.780776,0.390388
986.141846,0.500000,2.000000,958.830383,0.780776,0.390388
1017.613464,0.500000,2.000000,981.778625,0.780776,0.390388
1009.366272,0.500000,2.000000,992.548523,0.780776,0.390388
1000.324158,0.500000,2.000000,995.584045,0.780776,0.390388
974.322083,0.500000,2.000000,987.283630,0.780776,0.390388
954.643677,0.500000,2.000000,974.541382,0.780776,0.390388
956.465027,0.500000,2.000000,967.484558,0.780776,0.390388
952.899841,0.500000,2.000000,961.790833,0.780776,0.390388
962.090027,0.500000,2.000000,961.907654,0.780776,0.390388
955.199829,0.500000,2.000000,959.289001,0.780776,0.390388
920.990784,0.500000,2.000000,944.337830,0.780776,0.390388
894.162231,0.500000,2.000000,924.749878,0.780776,0.390388
881.011902,0.500000,2.000000,907.675110,0.780776,0.390388
881.162964,0.500000,2.000000,897.325073,0.780776,0.390388
900.870300,0.500000,2.000000,898.709106,0.780776,0.390388
912.683044,0.500000,2.000000,904.164368,0.780776,0.390388
905.455017,0.500000,2.000000,904.668213,0.780776,0.390388
906.604370,0.500000,2.000000,905.424072,0.780776,0.390388
945.348145,0.500000,2.000000,921.009949,0.780776,0.390388
954.905273,0.500000,2.000000,934.242310,0.780776,0.390388
950.307068,0.500000,2.000000,940.513794,0.780776,0.390388
932.737793,0.500000,2.000000,937.478149,0.780776,0.390388
912.332092,0.500000,2.000000,927.661438,0.780776,0.390388
923.635193,0.500000,2.000000,926.089661,0.780776,0.390388
948.281311,0.500000,2.000000,934.752991,0.780776,0.390388
966.771484,0.500000,2.000000,947.252625,0.780776,0.390388
992.838501,0.500000,2.000000,965.048828,0.780776,0.390388
971.547607,0.500000,2.000000,967.585876,0.780776,0.390388
927.593018,0.500000,2.000000,951.973145,0.780776,0.390388
914.968933,0.500000,2.000000,937.527161,0.780776,0.390388
892.595947,0.500000,2.000000,919.986572,0.780776,0.390388
911.966553,0.500000,2.000000,916.855652,0.780776,0.390388
923.160706,0.500000,2.000000,919.317078,0.780776,0.390388
896.729370,0.500000,2.000000,910.499084,0.780776,0.390388
887.571106,0.500000,2.000000,901.548279,0.780776,0.390388
863.379089,0.500000,2.000000,886.647461,0.780776,0.390388
845.319641,0.500000,2.000000,870.513550,0.780776,0.390388
828.668945,0.500000,2.000000,854.177917,0.780776,0.390388
821.322815,0.500000,2.000000,841.351685,0.780776,0.390388
824.955017,0.500000,2.000000,834.950623,0.780776,0.390388
846.273438,0.500000,2.000000,839.370911,0.780776,0.390388
876.785828,0.500000,2.000000,853.977234,0.780776,0.390388
859.207703,0.500000,2.000000,856.019165,0.780776,0.390388
835.443420,0.500000,2.000000,847.986633,0.780776,0.390388
791.120117,0.500000,2.000000,825.786621,0.780776,0.390388
751.369629,0.500000,2.000000,796.735107,0.780776,0.390388
739.588928,0.500000,2.000000,774.425903,0.780776,0.390388
731.087158,0.500000,2.000000,757.506958,0.780776,0.390388
725.947754,0.500000,2.000000,745.186646,0.780776,0.390388
733.058838,0.500000,2.000000,740.452087,0.780776,0.390388
731.969727,0.500000,2.000000,737.140686,0.780776,0.390388
731.589111,0.500000,2.000000,734.973389,0.780776,0.390388
704.719299,0.500000,2.000000,723.162537,0.780776,0.390388
669.168274,0.500000,2.000000,702.083801,0.780776,0.390388
660.491211,0.500000,2.000000,685.846558,0.780776,0.390388
635.510803,0.500000,2.000000,666.196045,0.780776,0.390388
647.960632,0.500000,2.000000,659.077148,0.780776,0.390388
656.860962,0.500000,2.000000,658.211975,0.780776,0.390388
661.508118,0.500000,2.000000,659.498779,0.780776,0.390388
673.987732,0.500000,2.000000,665.155090,0.780776,0.390388
675.744690,0.500000,2.000000,669.289124,0.780776,0.390388
639.039795,0.500000,2.000000,657.480164,0.780776,0.390388
611.965820,0.500000,2.000000,639.711914,0.780776,0.390388
598.324341,0.500000,2.000000,623.554688,0.780776,0.390388
593.188721,0.500000,2.000000,611.700195,0.780776,0.390388
594.746277,0.500000,2.000000,605.081604,0.780776,0.390388
606.960266,0.500000,2.000000,605.815002,0.780776,0.390388
601.997375,0.500000,2.000000,604.324646,0.780776,0.390388
570.694214,0.500000,2.000000,591.195740,0.780776,0.390388
538.011353,0.500000,2.000000,570.433167,0.780776,0.390388
514.983643,0.500000,2.000000,548.786316,0.780776,0.390388
501.898315,0.500000,2.000000,530.481812,0.780776,0.390388
501.664368,0.500000,2.000000,519.231812,0.780776,0.390388
512.982788,0.500000,2.000000,516.792236,0.780776,0.390388
498.198120,0.500000,2.000000,509.533325,0.780776,0.390388
473.348022,0.500000,2.000000,495.407013,0.780776,0.390388
470.229187,0.500000,2.000000,485.577881,0.780776,0.390388
468.980988,0.500000,2.000000,479.098663,0.780776,0.390388
456.292755,0.500000,2.000000,470.195496,0.780776,0.390388
418.633759,0.500000,2.000000,450.066406,0.780776,0.390388
390.928711,0.500000,2.000000,426.979736,0.780776,0.390388
358.606232,0.500000,2.000000,400.287537,0.780776,0.390388
347.606293,0.500000,2.000000,379.721405,0.780776,0.390388
333.228119,0.500000,2.000000,361.570984,0.780776,0.390388
326.384705,0.500000,2.000000,347.834686,0.780776,0.390388
309.013672,0.500000,2.000000,332.679413,0.780776,0.390388
297.506226,0.500000,2.000000,318.948212,0.780776,0.390388
300.941589,0.500000,2.000000,311.918640,0.780776,0.390388
303.307343,0.500000,2.000000,308.556885,0.780776,0.390388
249.103424,0.500000,2.000000,285.346954,0.780776,0.390388
205.904251,0.500000,2.000000,254.333466,0.780776,0.390388
200.624207,0.500000,2.000000,233.365997,0.780776,0.390388
186.885315,0.500000,2.000000,215.220490,0.780776,0.390388
174.284317,0.500000,2.000000,199.239487,0.780776,0.390388
175.055328,0.500000,2.000000,189.798279,0.780776,0.390388
155.427887,0.500000,2.000000,176.380478,0.780776,0.390388
151.562592,0.500000,2.000000,166.691864,0.780776,0.390388
171.025223,0.500000,2.000000,168.383560,0.780776,0.390388
174.063156,0.500000,2.000000,170.600815,0.780776,0.390388
159.328018,0.500000,2.000000,166.200043,0.780776,0.390388
140.657990,0.500000,2.000000,156.228729,0.780776,0.390388
134.691025,0.500000,2.000000,147.820663,0.780776,0.390388
130.393234,0.500000,2.000000,141.017197,0.780776,0.390388
152.396606,0.500000,2.000000,145.459579,0.780776,0.390388
152.912048,0.500000,2.000000,148.368942,0.780776,0.390388
140.566483,0.500000,2.000000,145.322952,0.780776,0.390388
136.617310,0.500000,2.000000,141.924377,0.780776,0.390388
142.598267,0.500000,2.000000,142.187454,0.780776,0.390388
158.555054,0.500000,2.000000,148.577179,0.780776,0.390388
159.199677,0.500000,2.000000,152.724075,0.780776,0.390388
172.316208,0.500000,2.000000,160.372620,0.780776,0.390388
195.267792,0.500000,2.000000,173.995285,0.780776,0.390388
209.601761,0.500000,2.000000,187.895630,0.780776,0.390388
233.150085,0.500000,2.000000,205.562439,0.780776,0.390388
240.122681,0.500000,2.000000,219.054352,0.780776,0.390388
258.350159,0.500000,2.000000,234.394974,0.780776,0.390388
319.256561,0.500000,2.000000,267.523926,0.780776,0.390388
367.141449,0.500000,2.000000,306.413422,0.780776,0.390388
373.224579,0.500000,2.000000,332.495697,0.780776,0.390388
308.898773,0.500000,2.000000,323.283722,0.780776,0.390388
293.195129,0.500000,2.000000,311.537476,0.780776,0.390388
312.491577,0.500000,2.000000,311.909943,0.780776,0.390388
334.197144,0.500000,2.000000,320.610596,0.780776,0.390388
359.919800,0.500000,2.000000,335.956451,0.780776,0.390388
400.210724,0.500000,2.000000,361.040558,0.780776,0.390388
454.186127,0.500000,2.000000,397.403503,0.780776,0.390388
448.170319,0.500000,2.000000,417.222260,0.780776,0.390388
431.493988,0.500000,2.000000,422.793762,0.780776,0.390388
416.382263,0.500000,2.000000,420.290802,0.780776,0.390388
449.045715,0.500000,2.000000,431.516388,0.780776,0.390388
507.448914,0.500000,2.000000,461.159546,0.780776,0.390388
536.644287,0.500000,2.000000,490.627899,0.780776,0.390388
542.108337,0.500000,2.000000,510.725250,0.780776,0.390388
576.654480,0.500000,2.000000,536.463257,0.780776,0.390388
595.891479,0.500000,2.000000,559.663330,0.780776,0.390388
596.506958,0.500000,2.000000,574.046631,0.780776,0.390388
597.139099,0.500000,2.000000,583.061646,0.780776,0.390388
612.233398,0.500000,2.000000,594.449951,0.780776,0.390388
645.691406,0.500000,2.000000,614.453979,0.780776,0.390388
672.050476,0.500000,2.000000,636.938965,0.780776,0.390388
668.257141,0.500000,2.000000,649.165222,0.780776,0.390388
656.174866,0.500000,2.000000,651.901733,0.780776,0.390388
720.244324,0.500000,2.000000,678.581848,0.780776,0.390388
784.119080,0.500000,2.000000,719.782349,0.780776,0.390388
801.218628,0.500000,2.000000,751.574097,0.780776,0.390388
798.410645,0.500000,2.000000,769.858521,0.780776,0.390388
829.860779,0.500000,2.000000,793.282715,0.780776,0.390388
833.386963,0.500000,2.000000,808.938965,0.780776,0.390388
818.344788,0.500000,2.000000,812.610901,0.780776,0.390388
808.619324,0.500000,2.000000,811.052612,0.780776,0.390388
828.505432,0.500000,2.000000,817.865967,0.780776,0.390388
855.436646,0.500000,2.000000,832.533142,0.780776,0.390388
860.632935,0.500000,2.000000,843.502991,0.780776,0.390388
851.422058,0.500000,2.000000,846.594482,0.780776,0.390388
854.404358,0.500000,2.000000,849.643372,0.780776,0.390388
880.840088,0.500000,2.000000,861.822205,0.780776,0.390388
887.696594,0.500000,2.000000,871.923279,0.780776,0.390388
905.677185,0.500000,2.000000,885.100403,0.780776,0.390388
961.020081,0.500000,2.000000,914.738525,0.780776,0.390388
1025.524048,0.500000,2.000000,957.987915,0.780776,0.390388
1073.244019,0.500000,2.000000,1002.982544,0.780776,0.390388
1052.966431,0.500000,2.000000,1022.495667,0.780776,0.390388
1023.894470,0.500000,2.000000,1023.041748,0.780776,0.390388
991.721008,0.500000,2.000000,1010.814514,0.780776,0.390388
942.289063,0.500000,2.000000,984.062988,0.780776,0.390388
905.617676,0.500000,2.000000,953.438843,0.780776,0.390388
903.917053,0.500000,2.000000,934.106140,0.780776,0.390388
917.927063,0.500000,2.000000,927.790039,0.780776,0.390388
931.217407,0.500000,2.000000,929.128052,0.780776,0.390388
957.003723,0.500000,2.000000,940.010376,0.780776,0.390388
1001.236389,0.500000,2.000000,963.912292,0.780776,0.390388
1009.719299,0.500000,2.000000,981.794800,0.780776,0.390388
985.450989,0.500000,2.000000,983.222107,0.780776,0.390388
968.425903,0.500000,2.000000,977.445862,0.780776,0.390388
935.978760,0.500000,2.000000,961.257568,0.780776,0.390388
931.387451,0.500000,2.000000,949.596619,0.780776,0.390388
933.502808,0.500000,2.000000,943.313782,0.780776,0.390388
974.935242,0.500000,2.000000,955.658447,0.780776,0.390388
1004.731628,0.500000,2.000000,974.816040,0.780776,0.390388
989.374512,0.500000,2.000000,980.499512,0.780776,0.390388
981.728394,0.500000,2.000000,980.979248,0.780776,0.390388
954.014343,0.500000,2.000000,970.452454,0.780776,0.390388
930.409729,0.500000,2.000000,954.820251,0.780776,0.390388
904.808655,0.500000,2.000000,935.296326,0.780776,0.390388
885.536194,0.500000,2.000000,915.870544,0.780776,0.390388
919.511597,0.500000,2.000000,917.291992,0.780776,0.390388
948.483154,0.500000,2.000000,929.468628,0.780776,0.390388
918.819824,0.500000,2.000000,925.311462,0.780776,0.390388
838.654053,0.500000,2.000000,891.481445,0.780776,0.390388
816.711304,0.500000,2.000000,862.292053,0.780776,0.390388
820.017029,0.500000,2.000000,845.788391,0.780776,0.390388
803.007874,0.500000,2.000000,829.087402,0.780776,0.390388
789.208313,0.500000,2.000000,813.519104,0.780776,0.390388
782.986389,0.500000,2.000000,801.599487,0.780776,0.390388
766.368774,0.500000,2.000000,787.845825,0.780776,0.390388
756.027405,0.500000,2.000000,775.424316,0.780776,0.390388
759.033447,0.500000,2.000000,769.025513,0.780776,0.390388
738.391357,0.500000,2.000000,757.066284,0.780776,0.390388
689.964783,0.500000,2.000000,730.870667,0.780776,0.390388
652.077148,0.500000,2.000000,700.110596,0.780776,0.390388
621.352173,0.500000,2.000000,669.364258,0.780776,0.390388
611.932434,0.500000,2.000000,646.943542,0.780776,0.390388
595.510681,0.500000,2.000000,626.864746,0.780776,0.390388
582.656494,0.500000,2.000000,609.606384,0.780776,0.390388
573.394897,0.500000,2.000000,595.469849,0.780776,0.390388
544.526611,0.500000,2.000000,575.582214,0.780776,0.390388
542.005615,0.500000,2.000000,562.474304,0.780776,0.390388
575.347717,0.500000,2.000000,567.499939,0.780776,0.390388
550.179565,0.500000,2.000000,560.738281,0.780776,0.390388
469.002960,0.500000,2.000000,524.925903,0.780776,0.390388
444.178406,0.500000,2.000000,493.403046,0.780776,0.390388
453.280426,0.500000,2.000000,477.739655,0.780776,0.390388
455.173187,0.500000,2.000000,468.929962,0.780776,0.390388
450.719971,0.500000,2.000000,461.820984,0.780776,0.390388
423.758698,0.500000,2.000000,446.961914,0.780776,0.390388
432.441528,0.500000,2.000000,441.293335,0.780776,0.390388
437.571014,0.500000,2.000000,439.840179,0.780776,0.390388
383.684967,0.500000,2.000000,417.917847,0.780776,0.390388
351.078156,0.500000,2.000000,391.824432,0.780776,0.390388
359.940460,0.500000,2.000000,379.377319,0.780776,0.390388
349.704041,0.500000,2.000000,367.793213,0.780776,0.390388
325.415955,0.500000,2.000000,351.249634,0.780776,0.390388
314.293396,0.500000,2.000000,336.822357,0.780776,0.390388
321.662323,0.500000,2.000000,330.904053,0.780776,0.390388
320.210114,0.500000,2.000000,326.729279,0.780776,0.390388
311.296753,0.500000,2.000000,320.704590,0.780776,0.390388
300.733765,0.500000,2.000000,312.908203,0.780776,0.390388
310.260223,0.500000,2.000000,311.874451,0.780776,0.390388
344.676361,0.500000,2.000000,324.679932,0.780776,0.390388
389.816376,0.500000,2.000000,350.108429,0.780776,0.390388
408.138916,0.500000,2.000000,372.762848,0.780776,0.390388
425.316437,0.500000,2.000000,393.279144,0.780776,0.390388
420.456055,0.500000,2.000000,403.888702,0.780776,0.390388
424.612579,0.500000,2.000000,411.979065,0.780776,0.390388
405.382690,0.500000,2.000000,409.403931,0.780776,0.390388
423.343689,0.500000,2.000000,414.845856,0.780776,0.390388
435.387299,0.500000,2.000000,422.864990,0.780776,0.390388
462.629303,0.500000,2.000000,438.388519,0.780776,0.390388
480.438263,0.500000,2.000000,454.804230,0.780776,0.390388
518.871033,0.500000,2.000000,479.815155,0.780776,0.390388
595.684204,0.500000,2.000000,525.049072,0.780776,0.390388
639.787781,0.500000,2.000000,569.841736,0.780776,0.390388
660.716614,0.500000,2.000000,605.318237,0.780776,0.390388
667.451538,0.500000,2.000000,629.574341,0.780776,0.390388
697.512878,0.500000,2.000000,656.096741,0.780776,0.390388
769.428955,0.500000,2.000000,700.340271,0.780776,0.390388
797.931091,0.500000,2.000000,738.438599,0.780776,0.390388
814.227356,0.500000,2.000000,768.025635,0.780776,0.390388
836.437317,0.500000,2.000000,794.732727,0.780776,0.390388
879.362793,0.500000,2.000000,827.771301,0.780776,0.390388
887.447083,0.500000,2.000000,851.067993,0.780776,0.390388
958.758911,0.500000,2.000000,893.109253,0.780776,0.390388
1012.991394,0.500000,2.000000,939.909851,0.780776,0.390388
946.222412,0.500000,2.000000,942.374207,0.780776,0.390388
906.592407,0.500000,2.000000,928.405396,0.780776,0.390388
857.520630,0.500000,2.000000,900.732849,0.780776,0.390388
844.026733,0.500000,2.000000,878.595459,0.780776,0.390388
890.399902,0.500000,2.000000,883.203796,0.780776,0.390388
949.309448,0.500000,2.000000,909.010681,0.780776,0.390388
958.135803,0.500000,2.000000,928.188538,0.780776,0.390388
973.011292,0.500000,2.000000,945.686829,0.780776,0.390388
988.275513,0.500000,2.000000,962.312927,0.780776,0.390388
1000.894470,0.500000,2.000000,977.374695,0.780776,0.390388
989.709045,0.500000,2.000000,982.189880,0.780776,0.390388
965.299622,0.500000,2.000000,975.596130,0.780776,0.390388
952.298889,0.500000,2.000000,966.501160,0.780776,0.390388
930.379150,0.500000,2.000000,952.399536,0.780776,0.390388
914.495972,0.500000,2.000000,937.602417,0.780776,0.390388
937.423950,0.500000,2.000000,937.532776,0.780776,0.390388
979.012939,0.500000,2.000000,953.726135,0.780776,0.390388
981.273438,0.500000,2.000000,964.480286,0.780776,0.390388
972.516479,0.500000,2.000000,967.617493,0.780776,0.390388
963.386414,0.500000,2.000000,965.965759,0.780776,0.390388
980.244324,0.500000,2.000000,971.539917,0.780776,0.390388
989.804260,0.500000,2.000000,978.670105,0.780776,0.390388
989.936523,0.500000,2.000000,983.068359,0.780776,0.390388
946.786804,0.500000,2.000000,968.904480,0.780776,0.390388
915.632202,0.500000,2.000000,948.107605,0.780776,0.390388
919.434143,0.500000,2.000000,936.913818,0.780776,0.390388
962.089722,0.500000,2.000000,946.742188,0.780776,0.390388
995.562988,0.500000,2.000000,965.801270,0.780776,0.390388
1030.620728,0.500000,2.000000,991.106018,0.780776,0.390388
1042.743774,0.500000,2.000000,1011.264771,0.780776,0.390388
1061.658447,0.500000,2.000000,1030.937866,0.780776,0.390388
1085.782349,0.500000,2.000000,1052.348511,0.780776,0.390388
1093.346191,0.500000,2.000000,1068.353516,0.780776,0.390388
1072.885620,0.500000,2.000000,1070.122803,0.780776,0.390388
1046.668335,0.500000,2.000000,1060.966431,0.780776,0.390388
1039.230591,0.500000,2.000000,1052.480957,0.780776,0.390388
1017.396423,0.500000,2.000000,1038.784424,0.780776,0.390388
1071.246460,0.500000,2.000000,1051.457275,0.780776,0.390388
1069.203979,0.500000,2.000000,1058.385376,0.780776,0.390388
1055.285889,0.500000,2.000000,1057.175415,0.780776,0.390388
1027.190552,0.500000,2.000000,1045.469727,0.780776,0.390388
998.543396,0.500000,2.000000,1027.150269,0.780776,0.390388
991.611816,0.500000,2.000000,1013.276489,0.780776,0.390388
966.569092,0.500000,2.000000,995.042480,0.780776,0.390388
947.165466,0.500000,2.000000,976.351868,0.780776,0.390388
973.343079,0.500000,2.000000,975.177246,0.780776,0.390388
990.139404,0.500000,2.000000,981.018311,0.780776,0.390388
1013.322449,0.500000,2.000000,993.629456,0.780776,0.390388
1015.913269,0.500000,2.000000,1002.328796,0.780776,0.390388
985.449951,0.500000,2.000000,995.739502,0.780776,0.390388
1000.957947,0.500000,2.000000,997.776733,0.780776,0.390388
1049.716553,0.500000,2.000000,1018.053406,0.780776,0.390388
1040.039673,0.500000,2.000000,1026.636597,0.780776,0.390388
1015.890442,0.500000,2.000000,1022.441406,0.780776,0.390388
994.823669,0.500000,2.000000,1011.659790,0.780776,0.390388
969.841003,0.500000,2.000000,995.334229,0.780776,0.390388
939.832642,0.500000,2.000000,973.667053,0.780776,0.390388
939.073608,0.500000,2.000000,960.162170,0.780776,0.390388
975.376526,0.500000,2.000000,966.101685,0.780776,0.390388
967.714172,0.500000,2.000000,966.731201,0.780776,0.390388
1243.804443,0.500000,2.000000,1074.897339,0.780776,0.390388
1102.865967,0.500000,2.000000,1085.815918,0.780776,0.390388
1004.716736,0.500000,2.000000,1054.155762,0.780776,0.390388
1004.737854,0.500000,2.000000,1034.863647,0.780776,0.390388
994.223145,0.500000,2.000000,1018.998047,0.780776,0.390388
995.309753,0.500000,2.000000,1009.750427,0.780776,0.390388
995.725281,0.500000,2.000000,1004.275146,0.780776,0.390388
992.110046,0.500000,2.000000,999.526062,0.780776,0.390388
1000.023621,0.500000,2.000000,999.720276,0.780776,0.390388
996.846863,0.500000,2.000000,998.598511,0.780776,0.390388
999.452332,0.500000,2.000000,998.931824,0.780776,0.390388
1000.465149,0.500000,2.000000,999.530396,0.780776,0.390388
997.985840,0.500000,2.000000,998.927429,0.780776,0.390388
995.201660,0.500000,2.000000,997.472961,0.780776,0.390388
996.806763,0.500000,2.000000,997.212891,0.780776,0.390388
996.805969,0.500000,2.000000,997.054016,0.780776,0.390388
997.848511,0.500000,2.000000,997.364197,0.780776,0.390388
1001.430237,0.500000,2.000000,998.951538,0.780776,0.390388
988.309631,0.500000,2.000000,994.797058,0.780776,0.390388
996.452087,0.500000,2.000000,995.443176,0.780776,0.390388
995.003845,0.500000,2.000000,995.271667,0.780776,0.390388
996.785339,0.500000,2.000000,995.862610,0.780776,0.390388
993.901611,0.500000,2.000000,995.097046,0.780776,0.390388
997.061340,0.500000,2.000000,995.863892,0.780776,0.390388
997.622864,0.500000,2.000000,996.550598,0.780776,0.390388
996.463745,0.500000,2.000000,996.516663,0.780776,0.390388
996.268982,0.500000,2.000000,996.419983,0.780776,0.390388
994.825684,0.500000,2.000000,995.797607,0.780776,0.390388
996.535156,0.500000,2.000000,996.085510,0.780776,0.390388
994.596741,0.500000,2.000000,995.504333,0.780776,0.390388
996.091064,0.500000,2.000000,995.733398,0.780776,0.390388
997.253723,0.500000,2.000000,996.326904,0.780776,0.390388
996.900391,0.500000,2.000000,996.550781,0.780776,0.390388
995.246094,0.500000,2.000000,996.041443,0.780776,0.390388
994.648254,0.500000,2.000000,995.497559,0.780776,0.390388
996.647583,0.500000,2.000000,995.946533,0.780776,0.390388
997.014404,0.500000,2.000000,996.363403,0.780776,0.390388
997.058838,0.500000,2.000000,996.634888,0.780776,0.390388
994.528198,0.500000,2.000000,995.812439,0.780776,0.390388
993.944763,0.500000,2.000000,995.083313,0.780776,0.390388
995.359375,0.500000,2.000000,995.191101,0.780776,0.390388
996.918579,0.500000,2.000000,995.865479,0.780776,0.390388
997.733337,0.500000,2.000000,996.594666,0.780776,0.390388
997.856384,0.500000,2.000000,997.087219,0.780776,0.390388
996.955139,0.500000,2.000000,997.035645,0.780776,0.390388
1008.769592,0.500000,2.000000,1001.616455,0.780776,0.390388
977.537292,0.500000,2.000000,992.216248,0.780776,0.390388
1002.272522,0.500000,2.000000,996.142090,0.780776,0.390388
998.491272,0.500000,2.000000,997.059204,0.780776,0.390388
996.273254,0.500000,2.000000,996.752380,0.780776,0.390388
997.490051,0.500000,2.000000,997.040344,0.780776,0.390388
1013.953918,0.500000,2.000000,1003.643188,0.780776,0.390388
874.591797,0.500000,2.000000,953.263062,0.780776,0.390388
1107.798340,0.500000,2.000000,1013.591797,0.780776,0.390388
1005.084412,0.500000,2.000000,1010.270630,0.780776,0.390388
1028.471558,0.500000,2.000000,1017.376038,0.780776,0.390388
898.431580,0.500000,2.000000,970.941528,0.780776,0.390388
989.406921,0.500000,2.000000,978.150208,0.780776,0.390388
1084.127930,0.500000,2.000000,1019.522644,0.780776,0.390388
960.756592,0.500000,2.000000,996.581055,0.780776,0.390388
738.949951,0.500000,2.000000,896.004883,0.780776,0.390388
1041.985962,0.500000,2.000000,952.994141,0.780776,0.390388
1066.614502,0.500000,2.000000,997.350220,0.780776,0.390388
875.742920,0.500000,2.000000,949.876160,0.780776,0.390388
1074.068604,0.500000,2.000000,998.359436,0.780776,0.390388
963.376160,0.500000,2.000000,984.702393,0.780776,0.390388
992.620544,0.500000,2.000000,987.793518,0.780776,0.390388
1009.246521,0.500000,2.000000,996.168518,0.780776,0.390388
994.433899,0.500000,2.000000,995.491333,0.780776,0.390388
1040.929810,0.500000,2.000000,1013.229980,0.780776,0.390388
897.717896,0.500000,2.000000,968.135437,0.780776,0.390388
995.808655,0.500000,2.000000,978.938721,0.780776,0.390388
1067.015381,0.500000,2.000000,1013.322815,0.780776,0.390388
920.785156,0.500000,2.000000,977.197205,0.780776,0.390388
1035.702148,0.500000,2.000000,1000.036865,0.780776,0.390388
1001.434753,0.500000,2.000000,1000.582581,0.780776,0.390388
946.000977,0.500000,2.000000,979.274536,0.780776,0.390388
1020.539612,0.500000,2.000000,995.383911,0.780776,0.390388
1016.663513,0.500000,2.000000,1003.691223,0.780776,0.390388
1016.817322,0.500000,2.000000,1008.815491,0.780776,0.390388
1029.638184,0.500000,2.000000,1016.944397,0.780776,0.390388
994.657043,0.500000,2.000000,1008.243652,0.780776,0.390388
871.438782,0.500000,2.000000,954.836670,0.780776,0.390388
1044.884888,0.500000,2.000000,989.990417,0.780776,0.390388
906.838745,0.500000,2.000000,957.528992,0.780776,0.390388
1111.981323,0.500000,2.000000,1017.825378,0.780776,0.390388
929.505493,0.500000,2.000000,983.346313,0.780776,0.390388
1045.040039,0.500000,2.000000,1007.430786,0.780776,0.390388
931.969482,0.500000,2.000000,977.971558,0.780776,0.390388
982.571899,0.500000,2.000000,979.767456,0.780776,0.390388
899.251709,0.500000,2.000000,948.335083,0.780776,0.390388
919.421875,0.500000,2.000000,937.047729,0.780776,0.390388
1000.802551,0.500000,2.000000,961.936890,0.780776,0.390388
802.167358,0.500000,2.000000,899.564758,0.780776,0.390388
985.115906,0.500000,2.000000,932.962891,0.780776,0.390388
1006.763855,0.500000,2.000000,961.773926,0.780776,0.390388
1081.951416,0.500000,2.000000,1008.689819,0.780776,0.390388
983.439514,0.500000,2.000000,998.832397,0.780776,0.390388
850.135498,0.500000,2.000000,940.782898,0.780776,0.390388
1066.867798,0.500000,2.000000,990.004944,0.780776,0.390388
910.331604,0.500000,2.000000,958.901428,0.780776,0.390388
942.326294,0.500000,2.000000,952.430664,0.780776,0.390388
1017.963074,0.500000,2.000000,978.013733,0.780776,0.390388
946.948486,0.500000,2.000000,965.886230,0.780776,0.390388
857.252441,0.500000,2.000000,923.476868,0.780776,0.390388
1068.751099,0.500000,2.000000,980.190186,0.780776,0.390388
943.680481,0.500000,2.000000,965.937256,0.780776,0.390388
969.532898,0.500000,2.000000,967.340942,0.780776,0.390388
1026.254028,0.500000,2.000000,990.339905,0.780776,0.390388
997.050537,0.500000,2.000000,992.959656,0.780776,0.390388
993.524414,0.500000,2.000000,993.180115,0.780776,0.390388
992.108215,0.500000,2.000000,992.761658,0.780776,0.390388
969.269409,0.500000,2.000000,983.590576,0.780776,0.390388
1029.810791,0.500000,2.000000,1001.634399,0.780776,0.390388
992.434998,0.500000,2.000000,998.043091,0.780776,0.390388
990.672485,0.500000,2.000000,995.165710,0.780776,0.390388
1004.933167,0.500000,2.000000,998.978821,0.780776,0.390388
1012.757996,0.500000,2.000000,1004.358032,0.780776,0.390388
936.321777,0.500000,2.000000,977.797485,0.780776,0.390388
937.321594,0.500000,2.000000,961.996155,0.780776,0.390388
1061.973389,0.500000,2.000000,1001.026062,0.780776,0.390388
919.310181,0.500000,2.000000,969.125122,0.780776,0.390388
904.122009,0.500000,2.000000,943.748657,0.780776,0.390388
1075.980713,0.500000,2.000000,995.370483,0.780776,0.390388
776.969238,0.500000,2.000000,910.109192,0.780776,0.390388
891.863586,0.500000,2.000000,902.986328,0.780776,0.390388
900.327087,0.500000,2.000000,901.948181,0.780776,0.390388
924.140991,0.500000,2.000000,910.612000,0.780776,0.390388
898.684387,0.500000,2.000000,905.955627,0.780776,0.390388
1026.726929,0.500000,2.000000,953.103333,0.780776,0.390388
947.531494,0.500000,2.000000,950.928162,0.780776,0.390388
805.335327,0.500000,2.000000,894.090454,0.780776,0.390388
964.572021,0.500000,2.000000,921.605652,0.780776,0.390388
983.144897,0.500000,2.000000,945.629822,0.780776,0.390388
913.626953,0.500000,2.000000,933.136292,0.780776,0.390388
923.669250,0.500000,2.000000,929.440491,0.780776,0.390388
1088.702637,0.500000,2.000000,991.614563,0.780776,0.390388
915.542664,0.500000,2.000000,961.916992,0.780776,0.390388
916.512756,0.500000,2.000000,944.191711,0.780776,0.390388
1006.338074,0.500000,2.000000,968.452942,0.780776,0.390388
966.189575,0.500000,2.000000,967.569336,0.780776,0.390388
987.208069,0.500000,2.000000,975.236084,0.780776,0.390388
1007.484070,0.500000,2.000000,987.825317,0.780776,0.390388
994.492615,0.500000,2.000000,990.428162,0.780776,0.390388
842.070740,0.500000,2.000000,932.511169,0.780776,0.390388
852.717346,0.500000,2.000000,901.360596,0.780776,0.390388
1104.334595,0.500000,2.000000,980.599243,0.780776,0.390388
982.581421,0.500000,2.000000,981.373047,0.780776,0.390388
1028.428101,0.500000,2.000000,999.742798,0.780776,0.390388
978.072937,0.500000,2.000000,991.283142,0.780776,0.390388
901.566711,0.500000,2.000000,956.258911,0.780776,0.390388
1100.354614,0.500000,2.000000,1012.512146,0.780776,0.390388
847.685547,0.500000,2.000000,948.165771,0.780776,0.390388
915.469971,0.500000,2.000000,935.401733,0.780776,0.390388
835.404114,0.500000,2.000000,896.363831,0.780776,0.390388
1025.904907,0.500000,2.000000,946.935120,0.780776,0.390388
1036.867554,0.500000,2.000000,982.043701,0.780776,0.390388
775.284363,0.500000,2.000000,901.327271,0.780776,0.390388
1000.853210,0.500000,2.000000,940.181030,0.780776,0.390388
828.222351,0.500000,2.000000,896.473694,0.780776,0.390388
1073.478394,0.500000,2.000000,965.574219,0.780776,0.390388
970.118652,0.500000,2.000000,967.348328,0.780776,0.390388
1101.168091,0.500000,2.000000,1019.589966,0.780776,0.390388
821.718506,0.500000,2.000000,942.343262,0.780776,0.390388
986.343994,0.500000,2.000000,959.520630,0.780776,0.390388
1033.298828,0.500000,2.000000,988.322754,0.780776,0.390388
836.411804,0.500000,2.000000,929.018494,0.780776,0.390388
1075.093140,0.500000,2.000000,986.044312,0.780776,0.390388
1015.211365,0.500000,2.000000,997.430786,0.780776,0.390388
931.599915,0.500000,2.000000,971.731201,0.780776,0.390388
1023.745911,0.500000,2.000000,992.037109,0.780776,0.390388
983.856140,0.500000,2.000000,988.843384,0.780776,0.390388
1044.329956,0.500000,2.000000,1010.504700,0.780776,0.390388
838.709656,0.500000,2.000000,943.437927,0.780776,0.390388
1088.031494,0.500000,2.000000,999.885559,0.780776,0.390388
983.879639,0.500000,2.000000,993.637024,0.780776,0.390388
922.247986,0.500000,2.000000,965.767578,0.780776,0.390388
1044.387573,0.500000,2.000000,996.459900,0.780776,0.390388
998.267456,0.500000,2.000000,997.165527,0.780776,0.390388
996.614380,0.500000,2.000000,996.950378,0.780776,0.390388
1004.037903,0.500000,2.000000,999.717285,0.780776,0.390388
996.977539,0.500000,2.000000,998.647705,0.780776,0.390388
996.657532,0.500000,2.000000,997.870789,0.780776,0.390388
995.375671,0.500000,2.000000,996.896729,0.780776,0.390388
997.011230,0.500000,2.000000,996.941406,0.780776,0.390388
995.962280,0.500000,2.000000,996.559143,0.780776,0.390388
993.781616,0.500000,2.000000,995.474854,0.780776,0.390388
995.775818,0.500000,2.000000,995.592346,0.780776,0.390388
1005.148499,0.500000,2.000000,999.322937,0.780776,0.390388
991.349060,0.500000,2.000000,996.210022,0.780776,0.390388
995.178345,0.500000,2.000000,995.807251,0.780776,0.390388
1002.976135,0.500000,2.000000,998.605896,0.780776,0.390388
990.930603,0.500000,2.000000,995.609558,0.780776,0.390388
1021.423157,0.500000,2.000000,1005.686890,0.780776,0.390388
964.766113,0.500000,2.000000,989.711914,0.780776,0.390388
1029.947876,0.500000,2.000000,1005.419556,0.780776,0.390388
847.054810,0.500000,2.000000,943.595825,0.780776,0.390388
1062.828857,0.500000,2.000000,990.143005,0.780776,0.390388
963.302124,0.500000,2.000000,979.664673,0.780776,0.390388
983.849548,0.500000,2.000000,981.298401,0.780776,0.390388
1004.172546,0.500000,2.000000,990.228210,0.780776,0.390388
918.771301,0.500000,2.000000,962.332275,0.780776,0.390388
929.465393,0.500000,2.000000,949.501404,0.780776,0.390388
907.180786,0.500000,2.000000,932.979919,0.780776,0.390388
990.696838,0.500000,2.000000,955.511902,0.780776,0.390388
1018.112244,0.500000,2.000000,979.950317,0.780776,0.390388
972.706421,0.500000,2.000000,977.122375,0.780776,0.390388
966.375305,0.500000,2.000000,972.926819,0.780776,0.390388
952.216309,0.500000,2.000000,964.841675,0.780776,0.390388
1149.591797,0.500000,2.000000,1036.965942,0.780776,0.390388
972.764709,0.500000,2.000000,1011.902527,0.780776,0.390388
960.613342,0.500000,2.000000,991.879822,0.780776,0.390388
957.944031,0.500000,2.000000,978.631714,0.780776,0.390388
935.781677,0.500000,2.000000,961.903564,0.780776,0.390388
1002.008484,0.500000,2.000000,977.560059,0.780776,0.390388
959.273743,0.500000,2.000000,970.421326,0.780776,0.390388
969.086060,0.500000,2.000000,969.900024,0.780776,0.390388
807.428345,0.500000,2.000000,906.473022,0.780776,0.390388
987.842285,0.500000,2.000000,938.238647,0.780776,0.390388
1058.994263,0.500000,2.000000,985.380188,0.780776,0.390388
961.112427,0.500000,2.000000,975.906311,0.780776,0.390388
921.401611,0.500000,2.000000,954.628296,0.780776,0.390388
1060.545776,0.500000,2.000000,995.977234,0.780776,0.390388
905.610718,0.500000,2.000000,960.699219,0.780776,0.390388
985.867310,0.500000,2.000000,970.524536,0.780776,0.390388
1043.696411,0.500000,2.000000,999.089966,0.780776,0.390388
800.568787,0.500000,2.000000,921.589661,0.780776,0.390388
992.554810,0.500000,2.000000,949.293640,0.780776,0.390388
1003.103577,0.500000,2.000000,970.300415,0.780776,0.390388
1039.751099,0.500000,2.000000,997.413147,0.780776,0.390388
962.699158,0.500000,2.000000,983.861206,0.780776,0.390388
975.835083,0.500000,2.000000,980.727905,0.780776,0.390388
1030.651123,0.500000,2.000000,1000.217346,0.780776,0.390388
877.960999,0.500000,2.000000,952.489929,0.780776,0.390388
958.139221,0.500000,2.000000,954.695374,0.780776,0.390388
810.062622,0.500000,2.000000,898.232483,0.780776,0.390388
1035.253906,0.500000,2.000000,951.723999,0.780776,0.390388
885.091431,0.500000,2.000000,925.711426,0.780776,0.390388
960.104004,0.500000,2.000000,939.137878,0.780776,0.390388
960.409973,0.500000,2.000000,947.442261,0.780776,0.390388
954.475525,0.500000,2.000000,950.187988,0.780776,0.390388
878.481140,0.500000,2.000000,922.194458,0.780776,0.390388
785.357056,0.500000,2.000000,868.774780,0.780776,0.390388
1067.237549,0.500000,2.000000,946.252319,0.780776,0.390388
930.061646,0.500000,2.000000,939.931702,0.780776,0.390388
810.742432,0.500000,2.000000,889.497742,0.780776,0.390388
976.660278,0.500000,2.000000,923.524963,0.780776,0.390388
968.656494,0.500000,2.000000,941.143799,0.780776,0.390388
990.611328,0.500000,2.000000,960.455322,0.780776,0.390388
912.087158,0.500000,2.000000,941.572937,0.780776,0.390388
987.921448,0.500000,2.000000,959.666870,0.780776,0.390388
1015.881775,0.500000,2.000000,981.612488,0.780776,0.390388
1002.893127,0.500000,2.000000,989.920227,0.780776,0.390388
994.354370,0.500000,2.000000,991.651245,0.780776,0.390388
993.893311,0.500000,2.000000,992.526550,0.780776,0.390388
1000.863586,0.500000,2.000000,995.781250,0.780776,0.390388
995.073792,0.500000,2.000000,995.505066,0.780776,0.390388
997.748840,0.500000,2.000000,996.380981,0.780776,0.390388
997.081360,0.500000,2.000000,996.654419,0.780776,0.390388
996.363770,0.500000,2.000000,996.540955,0.780776,0.390388
996.422607,0.500000,2.000000,996.494751,0.780776,0.390388
996.652466,0.500000,2.000000,996.556335,0.780776,0.390388
997.682800,0.500000,2.000000,996.996094,0.780776,0.390388
995.797791,0.500000,2.000000,996.528320,0.780776,0.390388
995.864197,0.500000,2.000000,996.269043,0.780776,0.390388
997.503967,0.500000,2.000000,996.751160,0.780776,0.390388
996.398621,0.500000,2.000000,996.613525,0.780776,0.390388
997.201477,0.500000,2.000000,996.843079,0.780776,0.390388
997.200317,0.500000,2.000000,996.982544,0.780776,0.390388
997.068970,0.500000,2.000000,997.016296,0.780776,0.390388
997.314575,0.500000,2.000000,997.132751,0.780776,0.390388
996.891052,0.500000,2.000000,997.038391,0.780776,0.390388
994.845764,0.500000,2.000000,996.182434,0.780776,0.390388
994.959045,0.500000,2.000000,995.704834,0.780776,0.390388
1003.023132,0.500000,2.000000,998.561829,0.780776,0.390388
1005.351746,0.500000,2.000000,1001.212524,0.780776,0.390388
941.574341,0.500000,2.000000,977.930481,0.780776,0.390388
1084.500610,0.500000,2.000000,1019.534180,0.780776,0.390388
787.417908,0.500000,2.000000,928.918701,0.780776,0.390388
893.401245,0.500000,2.000000,915.053101,0.780776,0.390388
995.957703,0.500000,2.000000,946.637329,0.780776,0.390388
1081.160889,0.500000,2.000000,999.153748,0.780776,0.390388
849.706970,0.500000,2.000000,940.811462,0.780776,0.390388
1187.447998,0.500000,2.000000,1037.095459,0.780776,0.390388
939.409790,0.500000,2.000000,998.960144,0.780776,0.390388
820.933777,0.500000,2.000000,929.460754,0.780776,0.390388
1121.297363,0.500000,2.000000,1004.351501,0.780776,0.390388
777.308655,0.500000,2.000000,915.716675,0.780776,0.390388
1142.678223,0.500000,2.000000,1004.319763,0.780776,0.390388
871.171448,0.500000,2.000000,952.340210,0.780776,0.390388
1013.310242,0.500000,2.000000,976.142212,0.780776,0.390388
887.409973,0.500000,2.000000,941.502197,0.780776,0.390388
667.153381,0.500000,2.000000,834.399658,0.780776,0.390388
1028.995605,0.500000,2.000000,910.367615,0.780776,0.390388
652.669312,0.500000,2.000000,809.765259,0.780776,0.390388
798.544006,0.500000,2.000000,805.384644,0.780776,0.390388
674.431030,0.500000,2.000000,754.261902,0.780776,0.390388
1056.904053,0.500000,2.000000,872.409790,0.780776,0.390388
667.541077,0.500000,2.000000,792.431458,0.780776,0.390388
680.119507,0.500000,2.000000,748.586182,0.780776,0.390388
999.665955,0.500000,2.000000,846.604736,0.780776,0.390388
670.844604,0.500000,2.000000,777.990051,0.780776,0.390388
957.596558,0.500000,2.000000,848.106323,0.780776,0.390388
902.427124,0.500000,2.000000,869.312500,0.780776,0.390388
999.333801,0.500000,2.000000,920.071289,0.780776,0.390388
742.430115,0.500000,2.000000,850.722290,0.780776,0.390388
1135.932983,0.500000,2.000000,962.065186,0.780776,0.390388
587.475586,0.500000,2.000000,815.829834,0.780776,0.390388
869.466980,0.500000,2.000000,836.769165,0.780776,0.390388
1074.064575,0.500000,2.000000,929.406494,0.780776,0.390388
695.153320,0.500000,2.000000,837.956787,0.780776,0.390388
791.672546,0.500000,2.000000,819.887939,0.780776,0.390388
1022.043152,0.500000,2.000000,898.806946,0.780776,0.390388
758.828430,0.500000,2.000000,844.161011,0.780776,0.390388
886.088684,0.500000,2.000000,860.529053,0.780776,0.390388
1068.513428,0.500000,2.000000,941.723694,0.780776,0.390388
1104.787354,0.500000,2.000000,1005.381836,0.780776,0.390388
774.082336,0.500000,2.000000,915.085266,0.780776,0.390388
1028.554199,0.500000,2.000000,959.382202,0.780776,0.390388
994.985046,0.500000,2.000000,973.281128,0.780776,0.390388
975.134644,0.500000,2.000000,974.004700,0.780776,0.390388
1101.817261,0.500000,2.000000,1023.901245,0.780776,0.390388
829.777283,0.500000,2.000000,948.117554,0.780776,0.390388
938.390747,0.500000,2.000000,944.320313,0.780776,0.390388
946.091309,0.500000,2.000000,945.011719,0.780776,0.390388
838.491882,0.500000,2.000000,903.427612,0.780776,0.390388
946.946960,0.500000,2.000000,920.417053,0.780776,0.390388
1179.598755,0.500000,2.000000,1021.598511,0.780776,0.390388
937.326416,0.500000,2.000000,988.699707,0.780776,0.390388
876.041931,0.500000,2.000000,944.719421,0.780776,0.390388
1051.376709,0.500000,2.000000,986.357178,0.780776,0.390388
984.550110,0.500000,2.000000,985.651733,0.780776,0.390388
981.221619,0.500000,2.000000,983.922241,0.780776,0.390388
993.521362,0.500000,2.000000,987.669617,0.780776,0.390388
997.582092,0.500000,2.000000,991.539307,0.780776,0.390388
995.167358,0.500000,2.000000,992.955627,0.780776,0.390388
997.658447,0.500000,2.000000,994.791565,0.780776,0.390388
994.075928,0.500000,2.000000,994.512207,0.780776,0.390388
995.936523,0.500000,2.000000,995.068237,0.780776,0.390388
998.830994,0.500000,2.000000,996.537170,0.780776,0.390388
995.163330,0.500000,2.000000,996.000854,0.780776,0.390388
989.632568,0.500000,2.000000,993.514771,0.780776,0.390388
998.002441,0.500000,2.000000,995.266724,0.780776,0.390388
998.430847,0.500000,2.000000,996.501953,0.780776,0.390388
997.555786,0.500000,2.000000,996.913330,0.780776,0.390388
996.281738,0.500000,2.000000,996.666748,0.780776,0.390388
996.315430,0.500000,2.000000,996.529602,0.780776,0.390388
996.758789,0.500000,2.000000,996.619080,0.780776,0.390388
998.036255,0.500000,2.000000,997.172302,0.780776,0.390388
1000.217468,0.500000,2.000000,998.361084,0.780776,0.390388
998.142578,0.500000,2.000000,998.275757,0.780776,0.390388
986.328857,0.500000,2.000000,993.611816,0.780776,0.390388
1039.278809,0.500000,2.000000,1011.439697,0.780776,0.390388
958.138245,0.500000,2.000000,990.631470,0.780776,0.390388
864.347107,0.500000,2.000000,941.331543,0.780776,0.390388
1000.110657,0.500000,2.000000,964.278198,0.780776,0.390388
889.151489,0.500000,2.000000,934.949646,0.780776,0.390388
1001.915466,0.500000,2.000000,961.092285,0.780776,0.390388
983.580017,0.500000,2.000000,969.871216,0.780776,0.390388
758.556213,0.500000,2.000000,887.376343,0.780776,0.390388
981.314636,0.500000,2.000000,924.048767,0.780776,0.390388
979.218323,0.500000,2.000000,945.586304,0.780776,0.390388
978.538513,0.500000,2.000000,958.450439,0.780776,0.390388
947.102661,0.500000,2.000000,954.020386,0.780776,0.390388
1055.716675,0.500000,2.000000,993.721436,0.780776,0.390388
922.164368,0.500000,2.000000,965.786377,0.780776,0.390388
977.762939,0.500000,2.000000,970.461914,0.780776,0.390388
726.437439,0.500000,2.000000,875.197632,0.780776,0.390388
920.572021,0.500000,2.000000,892.911255,0.780776,0.390388
1077.278076,0.500000,2.000000,964.885864,0.780776,0.390388
1022.361145,0.500000,2.000000,987.323547,0.780776,0.390388
823.694275,0.500000,2.000000,923.444580,0.780776,0.390388
803.276550,0.500000,2.000000,876.532410,0.780776,0.390388
1017.482239,0.500000,2.000000,931.557556,0.780776,0.390388
1001.274719,0.500000,2.000000,958.774292,0.780776,0.390388
670.772034,0.500000,2.000000,846.341614,0.780776,0.390388
997.498596,0.500000,2.000000,905.351501,0.780776,0.390388
1079.776123,0.500000,2.000000,973.444824,0.780776,0.390388
928.389709,0.500000,2.000000,955.855835,0.780776,0.390388
1074.571777,0.500000,2.000000,1002.201111,0.780776,0.390388
987.814941,0.500000,2.000000,996.584900,0.780776,0.390388
779.513550,0.500000,2.000000,911.842834,0.780776,0.390388
1030.668701,0.500000,2.000000,958.231079,0.780776,0.390388
889.661560,0.500000,2.000000,931.462341,0.780776,0.390388
1112.306396,0.500000,2.000000,1002.061707,0.780776,0.390388
970.422302,0.500000,2.000000,989.710083,0.780776,0.390388
727.200439,0.500000,2.000000,887.229431,0.780776,0.390388
1094.087524,0.500000,2.000000,967.984375,0.780776,0.390388
903.654663,0.500000,2.000000,942.870789,0.780776,0.390388
915.332642,0.500000,2.000000,932.120239,0.780776,0.390388
832.032104,0.500000,2.000000,893.046997,0.780776,0.390388
1008.765564,0.500000,2.000000,938.222168,0.780776,0.390388
991.653564,0.500000,2.000000,959.081177,0.780776,0.390388
1007.687805,0.500000,2.000000,978.056641,0.780776,0.390388
947.288757,0.500000,2.000000,966.045227,0.780776,0.390388
1045.304077,0.500000,2.000000,996.986938,0.780776,0.390388
1005.304504,0.500000,2.000000,1000.234009,0.780776,0.390388
950.931458,0.500000,2.000000,980.986877,0.780776,0.390388
1013.995178,0.500000,2.000000,993.872925,0.780776,0.390388
993.448364,0.500000,2.000000,993.707153,0.780776,0.390388
999.368713,0.500000,2.000000,995.917358,0.780776,0.390388
997.954590,0.500000,2.000000,996.712646,0.780776,0.390388
995.101013,0.500000,2.000000,996.083496,0.780776,0.390388
996.336975,0.500000,2.000000,996.182434,0.780776,0.390388
995.317810,0.500000,2.000000,995.844910,0.780776,0.390388
998.042419,0.500000,2.000000,996.702820,0.780776,0.390388
997.258789,0.500000,2.000000,996.919861,0.780776,0.390388
996.647949,0.500000,2.000000,996.813721,0.780776,0.390388
996.716736,0.500000,2.000000,996.775879,0.780776,0.390388
995.567261,0.500000,2.000000,996.304077,0.780776,0.390388
994.766724,0.500000,2.000000,995.703918,0.780776,0.390388
995.696716,0.500000,2.000000,995.701111,0.780776,0.390388
996.401733,0.500000,2.000000,995.974609,0.780776,0.390388
995.992188,0.500000,2.000000,995.981445,0.780776,0.390388
997.305908,0.500000,2.000000,996.498474,0.780776,0.390388
994.278748,0.500000,2.000000,995.631897,0.780776,0.390388
994.777893,0.500000,2.000000,995.298523,0.780776,0.390388
995.728210,0.500000,2.000000,995.466248,0.780776,0.390388
996.480774,0.500000,2.000000,995.862305,0.780776,0.390388
995.147644,0.500000,2.000000,995.583313,0.780776,0.390388
996.776367,0.500000,2.000000,996.049072,0.780776,0.390388
994.963440,0.500000,2.000000,995.625244,0.780776,0.390388
997.374329,0.500000,2.000000,996.308044,0.780776,0.390388
998.171387,0.500000,2.000000,997.035461,0.780776,0.390388
995.877319,0.500000,2.000000,996.583313,0.780776,0.390388
993.319153,0.500000,2.000000,995.309021,0.780776,0.390388
997.497620,0.500000,2.000000,996.163452,0.780776,0.390388
997.139587,0.500000,2.000000,996.544495,0.780776,0.390388
996.044006,0.500000,2.000000,996.349121,0.780776,0.390388
995.997009,0.500000,2.000000,996.211670,0.780776,0.390388
995.928040,0.500000,2.000000,996.100952,0.780776,0.390388
996.535522,0.500000,2.000000,996.270630,0.780776,0.390388
997.556458,0.500000,2.000000,996.772583,0.780776,0.390388
995.136292,0.500000,2.000000,996.133789,0.780776,0.390388
996.046082,0.500000,2.000000,996.099548,0.780776,0.390388
996.664673,0.500000,2.000000,996.320190,0.780776,0.390388
997.248901,0.500000,2.000000,996.682739,0.780776,0.390388
994.768555,0.500000,2.000000,995.935486,0.780776,0.390388
994.942200,0.500000,2.000000,995.547729,0.780776,0.390388
995.693665,0.500000,2.000000,995.604675,0.780776,0.390388
996.295471,0.500000,2.000000,995.874329,0.780776,0.390388
996.636475,0.500000,2.000000,996.171875,0.780776,0.390388
996.334167,0.500000,2.000000,996.235229,0.780776,0.390388
997.059204,0.500000,2.000000,996.556885,0.780776,0.390388
995.033630,0.500000,2.000000,995.962219,0.780776,0.390388
996.118713,0.500000,2.000000,996.023315,0.780776,0.390388
995.980408,0.500000,2.000000,996.006592,0.780776,0.390388
997.799194,0.500000,2.000000,996.706421,0.780776,0.390388
996.347778,0.500000,2.000000,996.566406,0.780776,0.390388
996.301636,0.500000,2.000000,996.463013,0.780776,0.390388
996.446411,0.500000,2.000000,996.456543,0.780776,0.390388
994.355713,0.500000,2.000000,995.636414,0.780776,0.390388
996.592041,0.500000,2.000000,996.009460,0.780776,0.390388
996.337708,0.500000,2.000000,996.137634,0.780776,0.390388
997.990234,0.500000,2.000000,996.860840,0.780776,0.390388
997.686218,0.500000,2.000000,997.183044,0.780776,0.390388
995.788391,0.500000,2.000000,996.638611,0.780776,0.390388
995.192261,0.500000,2.000000,996.073975,0.780776,0.390388
994.413635,0.500000,2.000000,995.425781,0.780776,0.390388
998.085938,0.500000,2.000000,996.464294,0.780776,0.390388
999.422424,0.500000,2.000000,997.619141,0.780776,0.390388
995.031311,0.500000,2.000000,996.608887,0.780776,0.390388
993.864685,0.500000,2.000000,995.537598,0.780776,0.390388
995.687500,0.500000,2.000000,995.596130,0.780776,0.390388
998.765625,0.500000,2.000000,996.833435,0.780776,0.390388
998.153259,0.500000,2.000000,997.348694,0.780776,0.390388
992.727051,0.500000,2.000000,995.544434,0.780776,0.390388
996.409424,0.500000,2.000000,995.882141,0.780776,0.390388
995.378601,0.500000,2.000000,995.685547,0.780776,0.390388
995.496155,0.500000,2.000000,995.611633,0.780776,0.390388
995.566406,0.500000,2.000000,995.593994,0.780776,0.390388
996.285156,0.500000,2.000000,995.863831,0.780776,0.390388
996.841125,0.500000,2.000000,996.245361,0.780776,0.390388
996.290710,0.500000,2.000000,996.263062,0.780776,0.390388
996.590881,0.500000,2.000000,996.391052,0.780776,0.390388
994.416687,0.500000,2.000000,995.620300,0.780776,0.390388
997.438660,0.500000,2.000000,996.330139,0.780776,0.390388
997.799377,0.500000,2.000000,996.903687,0.780776,0.390388
997.436462,0.500000,2.000000,997.111694,0.780776,0.390388
995.551880,0.500000,2.000000,996.502747,0.780776,0.390388
994.112305,0.500000,2.000000,995.569519,0.780776,0.390388
994.841309,0.500000,2.000000,995.285217,0.780776,0.390388
996.060425,0.500000,2.000000,995.587830,0.780776,0.390388
997.675598,0.500000,2.000000,996.402893,0.780776,0.390388
996.836914,0.500000,2.000000,996.572327,0.780776,0.390388
996.040283,0.500000,2.000000,996.364624,0.780776,0.390388
995.494629,0.500000,2.000000,996.024963,0.780776,0.390388
996.773987,0.500000,2.000000,996.317383,0.780776,0.390388
995.627197,0.500000,2.000000,996.047913,0.780776,0.390388
996.518433,0.500000,2.000000,996.231628,0.780776,0.390388
996.531860,0.500000,2.000000,996.348816,0.780776,0.390388
995.851013,0.500000,2.000000,996.154480,0.780776,0.390388
996.356384,0.500000,2.000000,996.233276,0.780776,0.390388
997.656128,0.500000,2.000000,996.788757,0.780776,0.390388
994.172791,0.500000,2.000000,995.767517,0.780776,0.390388
995.628723,0.500000,2.000000,995.713318,0.780776,0.390388
996.645569,0.500000,2.000000,996.077271,0.780776,0.390388
995.994873,0.500000,2.000000,996.045105,0.780776,0.390388
996.578308,0.500000,2.000000,996.253235,0.780776,0.390388
997.299072,0.500000,2.000000,996.661499,0.780776,0.390388
997.914429,0.500000,2.000000,997.150635,0.780776,0.390388
994.218079,0.500000,2.000000,996.005798,0.780776,0.390388
995.202515,0.500000,2.000000,995.692200,0.780776,0.390388
997.377197,0.500000,2.000000,996.349976,0.780776,0.390388
997.806274,0.500000,2.000000,996.918518,0.780776,0.390388
995.014954,0.500000,2.000000,996.175415,0.780776,0.390388
995.009155,0.500000,2.000000,995.720093,0.780776,0.390388
996.585815,0.500000,2.000000,996.058044,0.780776,0.390388
997.393250,0.500000,2.000000,996.579285,0.780776,0.390388
996.284058,0.500000,2.000000,996.464050,0.780776,0.390388
995.676941,0.500000,2.000000,996.156799,0.780776,0.390388
996.539246,0.500000,2.000000,996.306091,0.780776,0.390388
997.311279,0.500000,2.000000,996.698486,0.780776,0.390388
997.857178,0.500000,2.000000,997.150818,0.780776,0.390388
996.771545,0.500000,2.000000,997.002747,0.780776,0.390388
992.293762,0.500000,2.000000,995.164429,0.780776,0.390388
994.717285,0.500000,2.000000,994.989868,0.780776,0.390388
997.631958,0.500000,2.000000,996.021301,0.780776,0.390388
1001.126404,0.500000,2.000000,998.014282,0.780776,0.390388
995.568665,0.500000,2.000000,997.059570,0.780776,0.390388
995.013489,0.500000,2.000000,996.260803,0.780776,0.390388
998.053772,0.500000,2.000000,996.960754,0.780776,0.390388
997.859436,0.500000,2.000000,997.311584,0.780776,0.390388
995.379639,0.500000,2.000000,996.557373,0.780776,0.390388
996.720825,0.500000,2.000000,996.621155,0.780776,0.390388
996.533813,0.500000,2.000000,996.587036,0.780776,0.390388
997.238647,0.500000,2.000000,996.841431,0.780776,0.390388
996.646545,0.500000,2.000000,996.765320,0.780776,0.390388
996.052063,0.500000,2.000000,996.486877,0.780776,0.390388
996.593811,0.500000,2.000000,996.528625,0.780776,0.390388
996.593872,0.500000,2.000000,996.554077,0.780776,0.390388
998.221008,0.500000,2.000000,997.204834,0.780776,0.390388
994.833740,0.500000,2.000000,996.279175,0.780776,0.390388
993.891663,0.500000,2.000000,995.347107,0.780776,0.390388
996.222900,0.500000,2.000000,995.689026,0.780776,0.390388
994.952454,0.500000,2.000000,995.401489,0.780776,0.390388
996.839233,0.500000,2.000000,995.962769,0.780776,0.390388
995.989441,0.500000,2.000000,995.973206,0.780776,0.390388
997.264832,0.500000,2.000000,996.477417,0.780776,0.390388
995.008667,0.500000,2.000000,995.904053,0.780776,0.390388
997.193604,0.500000,2.000000,996.407471,0.780776,0.390388
996.525879,0.500000,2.000000,996.453674,0.780776,0.390388
996.586426,0.500000,2.000000,996.505493,0.780776,0.390388
996.424683,0.500000,2.000000,996.473938,0.780776,0.390388
996.237854,0.500000,2.000000,996.381775,0.780776,0.390388
997.067505,0.500000,2.000000,996.649475,0.780776,0.390388
997.078247,0.500000,2.000000,996.816833,0.780776,0.390388
997.256165,0.500000,2.000000,996.988342,0.780776,0.390388
995.488953,0.500000,2.000000,996.403015,0.780776,0.390388
996.236084,0.500000,2.000000,996.337830,0.780776,0.390388
995.931091,0.500000,2.000000,996.179016,0.780776,0.390388
996.000366,0.500000,2.000000,996.109253,0.780776,0.390388
993.977722,0.500000,2.000000,995.277100,0.780776,0.390388
995.992249,0.500000,2.000000,995.556274,0.780776,0.390388
997.362793,0.500000,2.000000,996.261536,0.780776,0.390388
995.987366,0.500000,2.000000,996.154480,0.780776,0.390388
996.288574,0.500000,2.000000,996.206848,0.780776,0.390388
996.965027,0.500000,2.000000,996.502808,0.780776,0.390388
996.543884,0.500000,2.000000,996.518860,0.780776,0.390388
998.773376,0.500000,2.000000,997.398987,0.780776,0.390388
996.408020,0.500000,2.000000,997.012146,0.780776,0.390388
996.399902,0.500000,2.000000,996.773132,0.780776,0.390388
996.152039,0.500000,2.000000,996.530640,0.780776,0.390388
997.132202,0.500000,2.000000,996.765503,0.780776,0.390388
997.443542,0.500000,2.000000,997.030212,0.780776,0.390388
996.162048,0.500000,2.000000,996.691284,0.780776,0.390388
997.750000,0.500000,2.000000,997.104614,0.780776,0.390388
998.030762,0.500000,2.000000,997.466187,0.780776,0.390388
997.236023,0.500000,2.000000,997.376343,0.780776,0.390388
996.206299,0.500000,2.000000,996.919556,0.780776,0.390388
994.587891,0.500000,2.000000,996.009277,0.780776,0.390388
998.063293,0.500000,2.000000,996.811157,0.780776,0.390388
997.078064,0.500000,2.000000,996.915344,0.780776,0.390388
993.322632,0.500000,2.000000,995.512817,0.780776,0.390388
996.206421,0.500000,2.000000,995.783569,0.780776,0.390388
998.168091,0.500000,2.000000,996.714478,0.780776,0.390388
996.770264,0.500000,2.000000,996.736267,0.780776,0.390388
996.042480,0.500000,2.000000,996.465393,0.780776,0.390388
996.538818,0.500000,2.000000,996.494080,0.780776,0.390388
997.081970,0.500000,2.000000,996.723572,0.780776,0.390388
996.288025,0.500000,2.000000,996.553528,0.780776,0.390388
995.804749,0.500000,2.000000,996.261230,0.780776,0.390388
997.679016,0.500000,2.000000,996.814697,0.780776,0.390388
996.624207,0.500000,2.000000,996.740356,0.780776,0.390388
996.216125,0.500000,2.000000,996.535706,0.780776,0.390388
995.195313,0.500000,2.000000,996.012451,0.780776,0.390388
995.196167,0.500000,2.000000,995.693787,0.780776,0.390388
994.420532,0.500000,2.000000,995.196716,0.780776,0.390388
997.181458,0.500000,2.000000,995.971558,0.780776,0.390388
997.055725,0.500000,2.000000,996.394775,0.780776,0.390388
995.323669,0.500000,2.000000,995.976624,0.780776,0.390388
995.264343,0.500000,2.000000,995.698547,0.780776,0.390388
998.936218,0.500000,2.000000,996.962524,0.780776,0.390388
997.212097,0.500000,2.000000,997.059937,0.780776,0.390388
995.552002,0.500000,2.000000,996.471252,0.780776,0.390388

