1080.000000,0.001000,2.000000,1075.000000,0.306386,0.061277
1084.000000,0.001000,2.000000,1075.666138,0.266437,0.133218
1082.000000,0.001000,2.000000,1076.649048,0.235893,0.117947
1086.000000,0.001000,2.000000,1077.215698,0.211806,0.105903
1086.000000,0.001000,2.000000,1078.060425,0.192340,0.096170
1086.000000,0.001000,2.000000,1078.760254,0.176297,0.088149
1083.000000,0.001000,2.000000,1079.349731,0.162860,0.081430
1082.000000,0.001000,2.000000,1079.626099,0.151452,0.075726
1084.000000,0.001000,2.000000,1079.794189,0.141654,0.070827
1086.000000,0.001000,2.000000,1080.074219,0.133156,0.066578
1083.000000,0.001000,2.000000,1080.446777,0.125723,0.062862
1086.000000,0.001000,2.000000,1080.598877,0.119172,0.059586
1086.000000,0.001000,2.000000,1080.905029,0.113361,0.056680
1088.000000,0.001000,2.000000,1081.180664,0.108175,0.054088
1083.000000,0.001000,2.000000,1081.533691,0.103524,0.051762
1083.000000,0.001000,2.000000,1081.606567,0.099333,0.049666
1081.000000,0.001000,2.000000,1081.673096,0.095540,0.047770
1083.000000,0.001000,2.000000,1081.642090,0.092094,0.046047
1088.000000,0.001000,2.000000,1081.702515,0.088954,0.044477
1088.000000,0.001000,2.000000,1081.973511,0.086082,0.043041
1086.000000,0.001000,2.000000,1082.224976,0.083449,0.041724
1088.000000,0.001000,2.000000,1082.377930,0.081027,0.040514
1086.000000,0.001000,2.000000,1082.599487,0.078796,0.039398
1084.000000,0.001000,2.000000,1082.729980,0.076734,0.038367
1087.000000,0.001000,2.000000,1082.777466,0.074826,0.037413
1086.000000,0.001000,2.000000,1082.931763,0.073056,0.036528
1086.000000,0.001000,2.000000,1083.041260,0.071412,0.035706
1088.000000,0.001000,2.000000,1083.144653,0.069882,0.034941
1086.000000,0.001000,2.000000,1083.310791,0.068456,0.034228
1086.000000,0.001000,2.000000,1083.401001,0.067125,0.033562
1085.000000,0.001000,2.000000,1083.486572,0.065881,0.032940
1085.000000,0.001000,2.000000,1083.535522,0.064716,0.032358
1083.000000,0.001000,2.000000,1083.582153,0.063626,0.031813
1083.000000,0.001000,2.000000,1083.563965,0.062603,0.031301
1086.000000,0.001000,2.000000,1083.546631,0.061643,0.030821
1085.000000,0.001000,2.000000,1083.621094,0.060740,0.030370
1086.000000,0.001000,2.000000,1083.662354,0.059891,0.029946
1088.000000,0.001000,2.000000,1083.731445,0.059092,0.029546
1089.000000,0.001000,2.000000,1083.855957,0.058339,0.029170
1088.000000,0.001000,2.000000,1084.004150,0.057629,0.028815
1085.000000,0.001000,2.000000,1084.117920,0.056960,0.028480
1086.000000,0.001000,2.000000,1084.142822,0.056327,0.028164
1086.000000,0.001000,2.000000,1084.194580,0.055730,0.027865
1086.000000,0.001000,2.000000,1084.244385,0.055165,0.027583
38.578125
1085.000000,0.001000,2.000000,1084.292358,0.054631,0.027315
1086.000000,0.001000,2.000000,1084.311523,0.054125,0.027063
1086.000000,0.001000,2.000000,1084.356812,0.053647,0.026823
1083.000000,0.001000,2.000000,1084.400513,0.053193,0.026597
1089.000000,0.001000,2.000000,1084.363525,0.052764,0.026382
1083.000000,0.001000,2.000000,1084.484863,0.052356,0.026178
1090.000000,0.001000,2.000000,1084.446289,0.051970,0.025985
1085.000000,0.001000,2.000000,1084.589600,0.051603,0.025802
1085.000000,0.001000,2.000000,1084.600098,0.051255,0.025627
1083.000000,0.001000,2.000000,1084.610229,0.050924,0.025462
1086.000000,0.001000,2.000000,1084.569458,0.050610,0.025305
1088.000000,0.001000,2.000000,1084.605469,0.050312,0.025156
1088.000000,0.001000,2.000000,1084.690430,0.050029,0.025014
1088.000000,0.001000,2.000000,1084.772827,0.049759,0.024880
1088.000000,0.001000,2.000000,1084.852661,0.049503,0.024751
1083.000000,0.001000,2.000000,1084.930176,0.049259,0.024629
1085.000000,0.001000,2.000000,1084.882813,0.049027,0.024513
1086.000000,0.001000,2.000000,1084.885620,0.048806,0.024403
1085.000000,0.001000,2.000000,1084.912720,0.048596,0.024298
1085.000000,0.001000,2.000000,1084.914795,0.048396,0.024198
1083.000000,0.001000,2.000000,1084.916870,0.048205,0.024103
1087.000000,0.001000,2.000000,1084.870850,0.048024,0.024012
1088.000000,0.001000,2.000000,1084.921753,0.047851,0.023925
1083.000000,0.001000,2.000000,1084.995117,0.047686,0.023843
1087.000000,0.001000,2.000000,1084.947754,0.047529,0.023764
1090.000000,0.001000,2.000000,1084.996338,0.047379,0.023690
1086.000000,0.001000,2.000000,1085.114502,0.047237,0.023618
1091.000000,0.001000,2.000000,1085.135376,0.047101,0.023550
1086.000000,0.001000,2.000000,1085.273071,0.046971,0.023486
1086.000000,0.001000,2.000000,1085.290039,0.046847,0.023424
1088.000000,0.001000,2.000000,1085.306641,0.046729,0.023365
1088.000000,0.001000,2.000000,1085.369385,0.046617,0.023308
1086.000000,0.001000,2.000000,1085.430542,0.046510,0.023255
1085.000000,0.001000,2.000000,1085.443726,0.046407,0.023204
1082.000000,0.001000,2.000000,1085.433472,0.046310,0.023155
1087.000000,0.001000,2.000000,1085.354126,0.046216,0.023108
1088.000000,0.001000,2.000000,1085.392090,0.046127,0.023064
1083.000000,0.001000,2.000000,1085.452148,0.046042,0.023021
1089.000000,0.001000,2.000000,1085.395752,0.045961,0.022981
1083.000000,0.001000,2.000000,1085.478394,0.045884,0.022942
1086.000000,0.001000,2.000000,1085.421631,0.045810,0.022905
1086.000000,0.001000,2.000000,1085.434814,0.045740,0.022870
1086.000000,0.001000,2.000000,1085.447754,0.045672,0.022836
38.871094
1085.000000,0.001000,2.000000,1085.460327,0.045608,0.022804
1088.000000,0.001000,2.000000,1085.449829,0.045546,0.022773
1090.000000,0.001000,2.000000,1085.507813,0.045488,0.022744
1086.000000,0.001000,2.000000,1085.609863,0.045432,0.022716
1089.000000,0.001000,2.000000,1085.618774,0.045378,0.022689
1088.000000,0.001000,2.000000,1085.695435,0.045327,0.022664
1086.000000,0.001000,2.000000,1085.747559,0.045278,0.022639
1085.000000,0.001000,2.000000,1085.753296,0.045232,0.022616
1087.000000,0.001000,2.000000,1085.736328,0.045187,0.022594
1087.000000,0.001000,2.000000,1085.764893,0.045145,0.022572
1090.000000,0.001000,2.000000,1085.792725,0.045104,0.022552
1087.000000,0.001000,2.000000,1085.887573,0.045065,0.022533
1090.000000,0.001000,2.000000,1085.912598,0.045028,0.022514
1089.000000,0.001000,2.000000,1086.004517,0.044993,0.022496
1083.000000,0.001000,2.000000,1086.071899,0.044959,0.022479
1087.000000,0.001000,2.000000,1086.002930,0.044926,0.022463
1089.000000,0.001000,2.000000,1086.025269,0.044895,0.022448
1087.000000,0.001000,2.000000,1086.092041,0.044866,0.022433
1085.000000,0.001000,2.000000,1086.112427,0.044838,0.022419
1091.000000,0.001000,2.000000,1086.087524,0.044811,0.022405
1086.000000,0.001000,2.000000,1086.197510,0.044785,0.022392
1087.000000,0.001000,2.000000,1086.193115,0.044760,0.022380
1088.000000,0.001000,2.000000,1086.211182,0.044736,0.022368
1089.000000,0.001000,2.000000,1086.251221,0.044714,0.022357
1083.000000,0.001000,2.000000,1086.312622,0.044692,0.022346
1089.000000,0.001000,2.000000,1086.238647,0.044672,0.022336
1087.000000,0.001000,2.000000,1086.300293,0.044652,0.022326
1088.000000,0.001000,2.000000,1086.315918,0.044633,0.022317
1090.000000,0.001000,2.000000,1086.353516,0.044615,0.022308
1086.000000,0.001000,2.000000,1086.434814,0.044598,0.022299
1087.000000,0.001000,2.000000,1086.425171,0.044582,0.022291
1086.000000,0.001000,2.000000,1086.437988,0.044566,0.022283
1083.000000,0.001000,2.000000,1086.428223,0.044551,0.022276
1083.000000,0.001000,2.000000,1086.351929,0.044537,0.022268
1089.000000,0.001000,2.000000,1086.277344,0.044523,0.022261
1088.000000,0.001000,2.000000,1086.337891,0.044510,0.022255
1088.000000,0.001000,2.000000,1086.374878,0.044497,0.022249
1083.000000,0.001000,2.000000,1086.411011,0.044485,0.022243
1088.000000,0.001000,2.000000,1086.335205,0.044474,0.022237
1088.000000,0.001000,2.000000,1086.372192,0.044463,0.022231
1086.000000,0.001000,2.000000,1086.408325,0.044452,0.022226
1086.000000,0.001000,2.000000,1086.399292,0.044442,0.022221
1088.000000,0.001000,2.000000,1086.390381,0.044433,0.022216
39.164063
1088.000000,0.001000,2.000000,1086.426147,0.044424,0.022212
1086.000000,0.001000,2.000000,1086.461060,0.044415,0.022208
1086.000000,0.001000,2.000000,1086.450806,0.044407,0.022203
1088.000000,0.001000,2.000000,1086.440796,0.044399,0.022199
1089.000000,0.001000,2.000000,1086.475464,0.044391,0.022195
1088.000000,0.001000,2.000000,1086.531494,0.044384,0.022192
1088.000000,0.001000,2.000000,1086.564087,0.044377,0.022188
1083.000000,0.001000,2.000000,1086.595947,0.044370,0.022185
1088.000000,0.001000,2.000000,1086.516235,0.044364,0.022182
1086.000000,0.001000,2.000000,1086.549194,0.044358,0.022179
1090.000000,0.001000,2.000000,1086.536987,0.044352,0.022176
1087.000000,0.001000,2.000000,1086.613770,0.044346,0.022173
1090.000000,0.001000,2.000000,1086.622314,0.044341,0.022170
1083.000000,0.001000,2.000000,1086.697144,0.044336,0.022168
1088.000000,0.001000,2.000000,1086.615234,0.044331,0.022165
1088.000000,0.001000,2.000000,1086.645874,0.044326,0.022163
1088.000000,0.001000,2.000000,1086.675903,0.044322,0.022161
1088.000000,0.001000,2.000000,1086.705200,0.044317,0.022159
1086.000000,0.001000,2.000000,1086.733887,0.044313,0.022157
1085.000000,0.001000,2.000000,1086.717651,0.044309,0.022155
1090.000000,0.001000,2.000000,1086.679565,0.044306,0.022153
1091.000000,0.001000,2.000000,1086.753174,0.044302,0.022151
1090.000000,0.001000,2.000000,1086.847290,0.044299,0.022149
1092.000000,0.001000,2.000000,1086.917114,0.044295,0.022148
1086.000000,0.001000,2.000000,1087.029663,0.044292,0.022146
1088.000000,0.001000,2.000000,1087.006836,0.044289,0.022145
1087.000000,0.001000,2.000000,1087.028809,0.044286,0.022143
1093.000000,0.001000,2.000000,1087.028198,0.044284,0.022142
1090.000000,0.001000,2.000000,1087.160400,0.044281,0.022141
1089.000000,0.001000,2.000000,1087.223267,0.044279,0.022139
1088.000000,0.001000,2.000000,1087.262573,0.044276,0.022138
1088.000000,0.001000,2.000000,1087.278931,0.044274,0.022137
1089.000000,0.001000,2.000000,1087.294922,0.044272,0.022136
1088.000000,0.001000,2.000000,1087.332642,0.044270,0.022135
1089.000000,0.001000,2.000000,1087.347412,0.044268,0.022134
1090.000000,0.001000,2.000000,1087.384033,0.044266,0.022133
1083.000000,0.001000,2.000000,1087.441895,0.044264,0.022132
1083.000000,0.001000,2.000000,1087.343628,0.044262,0.022131
1088.000000,0.001000,2.000000,1087.247559,0.044261,0.022130
1083.000000,0.001000,2.000000,1087.264160,0.044259,0.022129
1086.000000,0.001000,2.000000,1087.169800,0.044257,0.022129
1090.000000,0.001000,2.000000,1087.143921,0.044256,0.022128
1087.000000,0.001000,2.000000,1087.207153,0.044255,0.022127
39.457031
1086.000000,0.001000,2.000000,1087.202515,0.044253,0.022127
1092.000000,0.001000,2.000000,1087.175903,0.044252,0.022126
1087.000000,0.001000,2.000000,1087.282593,0.044251,0.022125
1090.000000,0.001000,2.000000,1087.276367,0.044250,0.022125
1090.000000,0.001000,2.000000,1087.336670,0.044248,0.022124
1090.000000,0.001000,2.000000,1087.395630,0.044247,0.022124
1088.000000,0.001000,2.000000,1087.453247,0.044246,0.022123
1089.000000,0.001000,2.000000,1087.465332,0.044245,0.022123
1088.000000,0.001000,2.000000,1087.499268,0.044244,0.022122
1087.000000,0.001000,2.000000,1087.510376,0.044244,0.022122
1089.000000,0.001000,2.000000,1087.499146,0.044243,0.022121
1086.000000,0.001000,2.000000,1087.532349,0.044242,0.022121
1089.000000,0.001000,2.000000,1087.498413,0.044241,0.022121
1087.000000,0.001000,2.000000,1087.531616,0.044240,0.022120
1088.000000,0.001000,2.000000,1087.519897,0.044240,0.022120
1091.000000,0.001000,2.000000,1087.530518,0.044239,0.022120
1090.000000,0.001000,2.000000,1087.607300,0.044238,0.022119
1088.000000,0.001000,2.000000,1087.660278,0.044238,0.022119
1087.000000,0.001000,2.000000,1087.667847,0.044237,0.022119
1087.000000,0.001000,2.000000,1087.653076,0.044237,0.022118
1083.000000,0.001000,2.000000,1087.638672,0.044236,0.022118
1088.000000,0.001000,2.000000,1087.536133,0.044236,0.022118
1086.000000,0.001000,2.000000,1087.546387,0.044235,0.022118
1088.000000,0.001000,2.000000,1087.512207,0.044235,0.022117
1088.000000,0.001000,2.000000,1087.522949,0.044234,0.022117
1087.000000,0.001000,2.000000,1087.533447,0.044234,0.022117
1088.000000,0.001000,2.000000,1087.521606,0.044233,0.022117
1085.000000,0.001000,2.000000,1087.532227,0.044233,0.022116
1091.000000,0.001000,2.000000,1087.476196,0.044232,0.022116
1085.000000,0.001000,2.000000,1087.554077,0.044232,0.022116
1090.000000,0.001000,2.000000,1087.497559,0.044232,0.022116
1090.000000,0.001000,2.000000,1087.552856,0.044231,0.022116
1087.000000,0.001000,2.000000,1087.606934,0.044231,0.022116
1087.000000,0.001000,2.000000,1087.593506,0.044231,0.022115
1089.000000,0.001000,2.000000,1087.580322,0.044230,0.022115
1089.000000,0.001000,2.000000,1087.611694,0.044230,0.022115
1091.000000,0.001000,2.000000,1087.642456,0.044230,0.022115
1088.000000,0.001000,2.000000,1087.716675,0.044230,0.022115
1090.000000,0.001000,2.000000,1087.722900,0.044229,0.022115
1089.000000,0.001000,2.000000,1087.773315,0.044229,0.022115
1093.000000,0.001000,2.000000,1087.800415,0.044229,0.022114
1094.000000,0.001000,2.000000,1087.915405,0.044229,0.022114
1088.000000,0.001000,2.000000,1088.049927,0.044229,0.022114
39.750000
1088.000000,0.001000,2.000000,1088.048828,0.044228,0.022114
1089.000000,0.001000,2.000000,1088.047729,0.044228,0.022114
1090.000000,0.001000,2.000000,1088.068848,0.044228,0.022114
1089.000000,0.001000,2.000000,1088.111572,0.044228,0.022114
1087.000000,0.001000,2.000000,1088.131226,0.044228,0.022114
1089.000000,0.001000,2.000000,1088.106201,0.044228,0.022114
1089.000000,0.001000,2.000000,1088.125977,0.044227,0.022114
1088.000000,0.001000,2.000000,1088.145264,0.044227,0.022114
1091.000000,0.001000,2.000000,1088.142090,0.044227,0.022114
1090.000000,0.001000,2.000000,1088.205322,0.044227,0.022113
1089.000000,0.001000,2.000000,1088.244995,0.044227,0.022113
1091.000000,0.001000,2.000000,1088.261719,0.044227,0.022113
1085.000000,0.001000,2.000000,1088.322266,0.044227,0.022113
1090.000000,0.001000,2.000000,1088.248779,0.044226,0.022113
1090.000000,0.001000,2.000000,1088.287476,0.044226,0.022113
1087.000000,0.001000,2.000000,1088.325317,0.044226,0.022113
1091.000000,0.001000,2.000000,1088.296021,0.044226,0.022113
1087.000000,0.001000,2.000000,1088.355835,0.044226,0.022113
1089.000000,0.001000,2.000000,1088.325806,0.044226,0.022113
1090.000000,0.001000,2.000000,1088.340698,0.044226,0.022113
1087.000000,0.001000,2.000000,1088.377441,0.044226,0.022113
1089.000000,0.001000,2.000000,1088.346924,0.044226,0.022113
1089.000000,0.001000,2.000000,1088.361328,0.044226,0.022113
1088.000000,0.001000,2.000000,1088.375488,0.044226,0.022113
1089.000000,0.001000,2.000000,1088.367188,0.044226,0.022113
1090.000000,0.001000,2.000000,1088.381226,0.044226,0.022113
1090.000000,0.001000,2.000000,1088.416992,0.044225,0.022113
1090.000000,0.001000,2.000000,1088.452026,0.044225,0.022113
1091.000000,0.001000,2.000000,1088.486206,0.044225,0.022113
1089.000000,0.001000,2.000000,1088.541748,0.044225,0.022113
1086.000000,0.001000,2.000000,1088.551880,0.044225,0.022113
1089.000000,0.001000,2.000000,1088.495483,0.044225,0.022113
1090.000000,0.001000,2.000000,1088.506592,0.044225,0.022113
1090.000000,0.001000,2.000000,1088.539673,0.044225,0.022113
1090.000000,0.001000,2.000000,1088.572021,0.044225,0.022113
1089.000000,0.001000,2.000000,1088.603638,0.044225,0.022113
1089.000000,0.001000,2.000000,1088.612427,0.044225,0.022112
1090.000000,0.001000,2.000000,1088.620972,0.044225,0.022112
1089.000000,0.001000,2.000000,1088.651489,0.044225,0.022112
1085.000000,0.001000,2.000000,1088.659180,0.044225,0.022112
1090.000000,0.001000,2.000000,1088.578247,0.044225,0.022112
1090.000000,0.001000,2.000000,1088.609741,0.044225,0.022112
1087.000000,0.001000,2.000000,1088.640503,0.044225,0.022112
39.750000
1089.000000,0.001000,2.000000,1088.604248,0.044225,0.022112
1089.000000,0.001000,2.000000,1088.613037,0.044225,0.022112
1089.000000,0.001000,2.000000,1088.621582,0.044225,0.022112
1089.000000,0.001000,2.000000,1088.630005,0.044225,0.022112
1090.000000,0.001000,2.000000,1088.638184,0.044225,0.022112
1090.000000,0.001000,2.000000,1088.668335,0.044225,0.022112
1090.000000,0.001000,2.000000,1088.697754,0.044225,0.022112
1089.000000,0.001000,2.000000,1088.726563,0.044225,0.022112
1091.000000,0.001000,2.000000,1088.732666,0.044225,0.022112
1087.000000,0.001000,2.000000,1088.782837,0.044225,0.022112
1090.000000,0.001000,2.000000,1088.743408,0.044225,0.022112
1090.000000,0.001000,2.000000,1088.771240,0.044225,0.022112
1090.000000,0.001000,2.000000,1088.798462,0.044224,0.022112
1090.000000,0.001000,2.000000,1088.825073,0.044224,0.022112
1090.000000,0.001000,2.000000,1088.851074,0.044224,0.022112
1089.000000,0.001000,2.000000,1088.876465,0.044224,0.022112
1090.000000,0.001000,2.000000,1088.879150,0.044224,0.022112
1090.000000,0.001000,2.000000,1088.903931,0.044224,0.022112
1090.000000,0.001000,2.000000,1088.928223,0.044224,0.022112
1089.000000,0.001000,2.000000,1088.951904,0.044224,0.022112
1091.000000,0.001000,2.000000,1088.953003,0.044224,0.022112
1090.000000,0.001000,2.000000,1088.998291,0.044224,0.022112
1085.000000,0.001000,2.000000,1089.020386,0.044224,0.022112
1091.000000,0.001000,2.000000,1088.931519,0.044224,0.022112
1088.000000,0.001000,2.000000,1088.977295,0.044224,0.022112
1089.000000,0.001000,2.000000,1088.955688,0.044224,0.022112
1091.000000,0.001000,2.000000,1088.956665,0.044224,0.022112
1088.000000,0.001000,2.000000,1089.001831,0.044224,0.022112
1090.000000,0.001000,2.000000,1088.979736,0.044224,0.022112
1089.000000,0.001000,2.000000,1089.002319,0.044224,0.022112
1090.000000,0.001000,2.000000,1089.002319,0.044224,0.022112
1089.000000,0.001000,2.000000,1089.024414,0.044224,0.022112
1090.000000,0.001000,2.000000,1089.023926,0.044224,0.022112
1089.000000,0.001000,2.000000,1089.045532,0.044224,0.022112
1087.000000,0.001000,2.000000,1089.044556,0.044224,0.022112
1094.000000,0.001000,2.000000,1088.999390,0.044224,0.022112
1090.000000,0.001000,2.000000,1089.109985,0.044224,0.022112
1088.000000,0.001000,2.000000,1089.129639,0.044224,0.022112
1090.000000,0.001000,2.000000,1089.104614,0.044224,0.022112
1085.000000,0.001000,2.000000,1089.124390,0.044224,0.022112
1090.000000,0.001000,2.000000,1089.033203,0.044224,0.022112
1090.000000,0.001000,2.000000,1089.054565,0.044224,0.022112
1088.000000,0.001000,2.000000,1089.075439,0.044224,0.022112
40.042969
1087.000000,0.001000,2.000000,1089.051636,0.044224,0.022112
1088.000000,0.001000,2.000000,1089.006226,0.044224,0.022112
1093.000000,0.001000,2.000000,1088.984009,0.044224,0.022112
1090.000000,0.001000,2.000000,1089.072754,0.044224,0.022112
1089.000000,0.001000,2.000000,1089.093262,0.044224,0.022112
1087.000000,0.001000,2.000000,1089.091187,0.044224,0.022112
1089.000000,0.001000,2.000000,1089.044922,0.044224,0.022112
1087.000000,0.001000,2.000000,1089.043945,0.044224,0.022112
1088.000000,0.001000,2.000000,1088.998779,0.044224,0.022112
1089.000000,0.001000,2.000000,1088.976685,0.044224,0.022112
1089.000000,0.001000,2.000000,1088.977173,0.044224,0.022112
1090.000000,0.001000,2.000000,1088.977661,0.044224,0.022112
1088.000000,0.001000,2.000000,1089.000244,0.044224,0.022112
1089.000000,0.001000,2.000000,1088.978149,0.044224,0.022112
1090.000000,0.001000,2.000000,1088.978638,0.044224,0.022112
1087.000000,0.001000,2.000000,1089.001221,0.044224,0.022112
1090.000000,0.001000,2.000000,1088.956909,0.044224,0.022112
1092.000000,0.001000,2.000000,1088.979980,0.044224,0.022112
1091.000000,0.001000,2.000000,1089.046753,0.044224,0.022112
1090.000000,0.001000,2.000000,1089.089966,0.044224,0.022112
1090.000000,0.001000,2.000000,1089.110107,0.044224,0.022112
1090.000000,0.001000,2.000000,1089.129761,0.044224,0.022112
1092.000000,0.001000,2.000000,1089.149048,0.044224,0.022112
1090.000000,0.001000,2.000000,1089.212036,0.044224,0.022112
1090.000000,0.001000,2.000000,1089.229492,0.044224,0.022112
1087.000000,0.001000,2.000000,1089.246582,0.044224,0.022112
1091.000000,0.001000,2.000000,1089.196899,0.044224,0.022112
1091.000000,0.001000,2.000000,1089.236816,0.044224,0.022112
1090.000000,0.001000,2.000000,1089.275757,0.044224,0.022112
1089.000000,0.001000,2.000000,1089.291748,0.044224,0.022112
1090.000000,0.001000,2.000000,1089.285278,0.044224,0.022112
1089.000000,0.001000,2.000000,1089.301025,0.044224,0.022112
1088.000000,0.001000,2.000000,1089.294312,0.044224,0.022112
1090.000000,0.001000,2.000000,1089.265747,0.044224,0.022112
1087.000000,0.001000,2.000000,1089.281982,0.044224,0.022112
1088.000000,0.001000,2.000000,1089.231567,0.044224,0.022112
1090.000000,0.001000,2.000000,1089.204346,0.044224,0.022112
1090.000000,0.001000,2.000000,1089.221924,0.044224,0.022112
1083.000000,0.001000,2.000000,1089.239136,0.044224,0.022112
1093.000000,0.001000,2.000000,1089.101196,0.044224,0.022112
1088.000000,0.001000,2.000000,1089.187378,0.044224,0.022112
1087.000000,0.001000,2.000000,1089.161133,0.044224,0.022112
1087.000000,0.001000,2.000000,1089.113403,0.044224,0.022112
40.042969
1088.000000,0.001000,2.000000,1089.066650,0.044224,0.022112
1091.000000,0.001000,2.000000,1089.043091,0.044224,0.022112
1095.000000,0.001000,2.000000,1089.086304,0.044224,0.022112
1090.000000,0.001000,2.000000,1089.217041,0.044224,0.022112
1092.000000,0.001000,2.000000,1089.234375,0.044224,0.022112
1091.000000,0.001000,2.000000,1089.295532,0.044224,0.022112
1091.000000,0.001000,2.000000,1089.333252,0.044224,0.022112
1091.000000,0.001000,2.000000,1089.370117,0.044224,0.022112
1090.000000,0.001000,2.000000,1089.406128,0.044224,0.022112
1089.000000,0.001000,2.000000,1089.419312,0.044224,0.022112
1094.000000,0.001000,2.000000,1089.410034,0.044224,0.022112
1088.000000,0.001000,2.000000,1089.511475,0.044224,0.022112
1090.000000,0.001000,2.000000,1089.478027,0.044224,0.022112
1090.000000,0.001000,2.000000,1089.489624,0.044224,0.022112
1090.000000,0.001000,2.000000,1089.500854,0.044224,0.022112
1090.000000,0.001000,2.000000,1089.511841,0.044224,0.022112
1095.000000,0.001000,2.000000,1089.522583,0.044224,0.022112
1091.000000,0.001000,2.000000,1089.643677,0.044224,0.022112
1090.000000,0.001000,2.000000,1089.673706,0.044224,0.022112
1088.000000,0.001000,2.000000,1089.680908,0.044224,0.022112
1090.000000,0.001000,2.000000,1089.643799,0.044224,0.022112
1090.000000,0.001000,2.000000,1089.651733,0.044224,0.022112
1089.000000,0.001000,2.000000,1089.659424,0.044224,0.022112
1090.000000,0.001000,2.000000,1089.644897,0.044224,0.022112
1089.000000,0.001000,2.000000,1089.652710,0.044224,0.022112
1090.000000,0.001000,2.000000,1089.638306,0.044224,0.022112
1089.000000,0.001000,2.000000,1089.646362,0.044224,0.022112
1090.000000,0.001000,2.000000,1089.632080,0.044224,0.022112
1091.000000,0.001000,2.000000,1089.640259,0.044224,0.022112
1089.000000,0.001000,2.000000,1089.670288,0.044224,0.022112
1091.000000,0.001000,2.000000,1089.655518,0.044224,0.022112
1089.000000,0.001000,2.000000,1089.685303,0.044224,0.022112
1088.000000,0.001000,2.000000,1089.670166,0.044224,0.022112
1087.000000,0.001000,2.000000,1089.633179,0.044224,0.022112
1091.000000,0.001000,2.000000,1089.574951,0.044224,0.022112
1096.000000,0.001000,2.000000,1089.606445,0.044224,0.022112
1088.000000,0.001000,2.000000,1089.747803,0.044224,0.022112
1089.000000,0.001000,2.000000,1089.709106,0.044224,0.022112
1091.000000,0.001000,2.000000,1089.693481,0.044224,0.022112
1089.000000,0.001000,2.000000,1089.722412,0.044224,0.022112
1090.000000,0.001000,2.000000,1089.706421,0.044224,0.022112
1090.000000,0.001000,2.000000,1089.712891,0.044224,0.022112
1095.000000,0.001000,2.000000,1089.719238,0.044224,0.022112
40.042969
1091.000000,0.001000,2.000000,1089.836060,0.044224,0.022112
1090.000000,0.001000,2.000000,1089.861816,0.044224,0.022112
1090.000000,0.001000,2.000000,1089.864868,0.044224,0.022112
1090.000000,0.001000,2.000000,1089.867798,0.044224,0.022112
1090.000000,0.001000,2.000000,1089.870728,0.044224,0.022112
1089.000000,0.001000,2.000000,1089.873535,0.044224,0.022112
1088.000000,0.001000,2.000000,1089.854248,0.044224,0.022112
1090.000000,0.001000,2.000000,1089.813232,0.044224,0.022112
1090.000000,0.001000,2.000000,1089.817383,0.044224,0.022112
1088.000000,0.001000,2.000000,1089.821411,0.044224,0.022112
1087.000000,0.001000,2.000000,1089.781128,0.044224,0.022112
1090.000000,0.001000,2.000000,1089.719604,0.044224,0.022112
1090.000000,0.001000,2.000000,1089.725830,0.044224,0.022112
1088.000000,0.001000,2.000000,1089.731934,0.044224,0.022112
1089.000000,0.001000,2.000000,1089.693604,0.044224,0.022112
1090.000000,0.001000,2.000000,1089.678223,0.044224,0.022112
1090.000000,0.001000,2.000000,1089.685303,0.044224,0.022112
1090.000000,0.001000,2.000000,1089.692261,0.044224,0.022112
1089.000000,0.001000,2.000000,1089.699097,0.044224,0.022112
1091.000000,0.001000,2.000000,1089.683594,0.044224,0.022112
1087.000000,0.001000,2.000000,1089.712646,0.044224,0.022112
1093.000000,0.001000,2.000000,1089.652710,0.044224,0.022112
1090.000000,0.001000,2.000000,1089.726685,0.044224,0.022112
1089.000000,0.001000,2.000000,1089.732788,0.044224,0.022112
1091.000000,0.001000,2.000000,1089.716553,0.044224,0.022112
1089.000000,0.001000,2.000000,1089.744873,0.044224,0.022112
1089.000000,0.001000,2.000000,1089.728394,0.044224,0.022112
1090.000000,0.001000,2.000000,1089.712280,0.044224,0.022112
1088.000000,0.001000,2.000000,1089.718628,0.044224,0.022112
1091.000000,0.001000,2.000000,1089.680664,0.044224,0.022112
1091.000000,0.001000,2.000000,1089.709839,0.044224,0.022112
1088.000000,0.001000,2.000000,1089.738403,0.044224,0.022112
1092.000000,0.001000,2.000000,1089.699951,0.044224,0.022112
1086.000000,0.001000,2.000000,1089.750854,0.044224,0.022112
1088.000000,0.001000,2.000000,1089.667969,0.044224,0.022112
1091.000000,0.001000,2.000000,1089.631104,0.044224,0.022112
1090.000000,0.001000,2.000000,1089.661377,0.044224,0.022112
1092.000000,0.001000,2.000000,1089.668823,0.044224,0.022112
1090.000000,0.001000,2.000000,1089.720337,0.044224,0.022112
1091.000000,0.001000,2.000000,1089.726563,0.044224,0.022112
1094.000000,0.001000,2.000000,1089.754761,0.044224,0.022112
1090.000000,0.001000,2.000000,1089.848633,0.044224,0.022112
1089.000000,0.001000,2.000000,1089.851929,0.044224,0.022112
40.042969
1090.000000,0.001000,2.000000,1089.833130,0.044224,0.022112
1087.000000,0.001000,2.000000,1089.836792,0.044224,0.022112
1090.000000,0.001000,2.000000,1089.774048,0.044224,0.022112
1090.000000,0.001000,2.000000,1089.779053,0.044224,0.022112
1092.000000,0.001000,2.000000,1089.783936,0.044224,0.022112
1090.000000,0.001000,2.000000,1089.832886,0.044224,0.022112
1088.000000,0.001000,2.000000,1089.836548,0.044224,0.022112
1091.000000,0.001000,2.000000,1089.795898,0.044224,0.022112
1090.000000,0.001000,2.000000,1089.822510,0.044224,0.022112
1090.000000,0.001000,2.000000,1089.826416,0.044224,0.022112
1090.000000,0.001000,2.000000,1089.830200,0.044224,0.022112
1090.000000,0.001000,2.000000,1089.833984,0.044224,0.022112
1092.000000,0.001000,2.000000,1089.837646,0.044224,0.022112
1091.000000,0.001000,2.000000,1089.885498,0.044224,0.022112
1091.000000,0.001000,2.000000,1089.910156,0.044224,0.022112
1094.000000,0.001000,2.000000,1089.934204,0.044224,0.022112
1091.000000,0.001000,2.000000,1090.024048,0.044224,0.022112
1090.000000,0.001000,2.000000,1090.045654,0.044224,0.022112
1089.000000,0.001000,2.000000,1090.044678,0.044224,0.022112
1092.000000,0.001000,2.000000,1090.021606,0.044224,0.022112
1092.000000,0.001000,2.000000,1090.065308,0.044224,0.022112
1090.000000,0.001000,2.000000,1090.108032,0.044224,0.022112
1091.000000,0.001000,2.000000,1090.105591,0.044224,0.022112
1092.000000,0.001000,2.000000,1090.125366,0.044224,0.022112
1092.000000,0.001000,2.000000,1090.166870,0.044224,0.022112
1091.000000,0.001000,2.000000,1090.207397,0.044224,0.022112
1090.000000,0.001000,2.000000,1090.224976,0.044224,0.022112
1095.000000,0.001000,2.000000,1090.219971,0.044224,0.022112
1091.000000,0.001000,2.000000,1090.325684,0.044224,0.022112
1090.000000,0.001000,2.000000,1090.340576,0.044224,0.022112
1088.000000,0.001000,2.000000,1090.333008,0.044224,0.022112
1090.000000,0.001000,2.000000,1090.281372,0.044224,0.022112
1090.000000,0.001000,2.000000,1090.275146,0.044224,0.022112
1091.000000,0.001000,2.000000,1090.269043,0.044224,0.022112
1091.000000,0.001000,2.000000,1090.285156,0.044224,0.022112
1092.000000,0.001000,2.000000,1090.300903,0.044224,0.022112
1091.000000,0.001000,2.000000,1090.338501,0.044224,0.022112
1088.000000,0.001000,2.000000,1090.353149,0.044224,0.022112
1090.000000,0.001000,2.000000,1090.301147,0.044224,0.022112
1094.000000,0.001000,2.000000,1090.294434,0.044224,0.022112
1090.000000,0.001000,2.000000,1090.376343,0.044224,0.022112
1090.000000,0.001000,2.000000,1090.368042,0.044224,0.022112
1090.000000,0.001000,2.000000,1090.359863,0.044224,0.022112
40.335938
1091.000000,0.001000,2.000000,1090.351929,0.044224,0.022112
1090.000000,0.001000,2.000000,1090.366211,0.044224,0.022112
1089.000000,0.001000,2.000000,1090.358154,0.044224,0.022112
1087.000000,0.001000,2.000000,1090.328125,0.044224,0.022112
1090.000000,0.001000,2.000000,1090.254517,0.044224,0.022112
1092.000000,0.001000,2.000000,1090.248901,0.044224,0.022112
1092.000000,0.001000,2.000000,1090.287598,0.044224,0.022112
1091.000000,0.001000,2.000000,1090.325439,0.044224,0.022112
1092.000000,0.001000,2.000000,1090.340332,0.044224,0.022112
1090.000000,0.001000,2.000000,1090.377075,0.044224,0.022112
1088.000000,0.001000,2.000000,1090.368774,0.044224,0.022112
1089.000000,0.001000,2.000000,1090.316406,0.044224,0.022112
1091.000000,0.001000,2.000000,1090.287354,0.044224,0.022112
1089.000000,0.001000,2.000000,1090.303101,0.044224,0.022112
1089.000000,0.001000,2.000000,1090.274292,0.044224,0.022112
1091.000000,0.001000,2.000000,1090.246094,0.044224,0.022112
1090.000000,0.001000,2.000000,1090.262817,0.044224,0.022112
1090.000000,0.001000,2.000000,1090.256958,0.044224,0.022112
1091.000000,0.001000,2.000000,1090.251221,0.044224,0.022112
1088.000000,0.001000,2.000000,1090.267822,0.044224,0.022112
1089.000000,0.001000,2.000000,1090.217651,0.044224,0.022112
1092.000000,0.001000,2.000000,1090.190674,0.044224,0.022112
1090.000000,0.001000,2.000000,1090.230713,0.044224,0.022112
1090.000000,0.001000,2.000000,1090.225586,0.044224,0.022112
1090.000000,0.001000,2.000000,1090.220581,0.044224,0.022112
1090.000000,0.001000,2.000000,1090.215698,0.044224,0.022112
1090.000000,0.001000,2.000000,1090.210938,0.044224,0.022112
1090.000000,0.001000,2.000000,1090.206299,0.044224,0.022112
1090.000000,0.001000,2.000000,1090.201782,0.044224,0.022112
1090.000000,0.001000,2.000000,1090.197266,0.044224,0.022112
1089.000000,0.001000,2.000000,1090.192871,0.044224,0.022112
1090.000000,0.001000,2.000000,1090.166504,0.044224,0.022112
1095.000000,0.001000,2.000000,1090.162842,0.044224,0.022112
1090.000000,0.001000,2.000000,1090.269775,0.044224,0.022112
1095.000000,0.001000,2.000000,1090.263794,0.044224,0.022112
1091.000000,0.001000,2.000000,1090.368530,0.044224,0.022112
1088.000000,0.001000,2.000000,1090.382446,0.044224,0.022112
1090.000000,0.001000,2.000000,1090.329712,0.044224,0.022112
1094.000000,0.001000,2.000000,1090.322388,0.044224,0.022112
1090.000000,0.001000,2.000000,1090.403687,0.044224,0.022112
1090.000000,0.001000,2.000000,1090.394775,0.044224,0.022112
1090.000000,0.001000,2.000000,1090.385986,0.044224,0.022112
1091.000000,0.001000,2.000000,1090.377441,0.044224,0.022112
40.335938
1091.000000,0.001000,2.000000,1090.391235,0.044224,0.022112
1091.000000,0.001000,2.000000,1090.404663,0.044224,0.022112
1094.000000,0.001000,2.000000,1090.417847,0.044224,0.022112
1090.000000,0.001000,2.000000,1090.497070,0.044224,0.022112
1089.000000,0.001000,2.000000,1090.486084,0.044224,0.022112
1090.000000,0.001000,2.000000,1090.453247,0.044224,0.022112
1089.000000,0.001000,2.000000,1090.443237,0.044224,0.022112
1090.000000,0.001000,2.000000,1090.411377,0.044224,0.022112
1092.000000,0.001000,2.000000,1090.402222,0.044224,0.022112
1090.000000,0.001000,2.000000,1090.437500,0.044224,0.022112
1091.000000,0.001000,2.000000,1090.427856,0.044224,0.022112
1094.000000,0.001000,2.000000,1090.440552,0.044224,0.022112
1092.000000,0.001000,2.000000,1090.519287,0.044224,0.022112
1091.000000,0.001000,2.000000,1090.552002,0.044224,0.022112
1088.000000,0.001000,2.000000,1090.561890,0.044224,0.022112
1089.000000,0.001000,2.000000,1090.505249,0.044224,0.022112
1090.000000,0.001000,2.000000,1090.471924,0.044224,0.022112
1091.000000,0.001000,2.000000,1090.461548,0.044224,0.022112
1094.000000,0.001000,2.000000,1090.473511,0.044224,0.022112
1089.000000,0.001000,2.000000,1090.551514,0.044224,0.022112
1091.000000,0.001000,2.000000,1090.517212,0.044224,0.022112
1089.000000,0.001000,2.000000,1090.527832,0.044224,0.022112
1091.000000,0.001000,2.000000,1090.494019,0.044224,0.022112
1094.000000,0.001000,2.000000,1090.505249,0.044224,0.022112
1089.000000,0.001000,2.000000,1090.582520,0.044224,0.022112
1090.000000,0.001000,2.000000,1090.547485,0.044224,0.022112
1089.000000,0.001000,2.000000,1090.535400,0.044224,0.022112
1090.000000,0.001000,2.000000,1090.501465,0.044224,0.022112
1089.000000,0.001000,2.000000,1090.490356,0.044224,0.022112
1089.000000,0.001000,2.000000,1090.457397,0.044224,0.022112
1088.000000,0.001000,2.000000,1090.425171,0.044224,0.022112
1091.000000,0.001000,2.000000,1090.371582,0.044224,0.022112
1092.000000,0.001000,2.000000,1090.385498,0.044224,0.022112
1088.000000,0.001000,2.000000,1090.421143,0.044224,0.022112
1092.000000,0.001000,2.000000,1090.367554,0.044224,0.022112
1090.000000,0.001000,2.000000,1090.403687,0.044224,0.022112
1090.000000,0.001000,2.000000,1090.394775,0.044224,0.022112
1089.000000,0.001000,2.000000,1090.385986,0.044224,0.022112
1092.000000,0.001000,2.000000,1090.355347,0.044224,0.022112
1092.000000,0.001000,2.000000,1090.391724,0.044224,0.022112
1092.000000,0.001000,2.000000,1090.427246,0.044224,0.022112
1089.000000,0.001000,2.000000,1090.462036,0.044224,0.022112
1091.000000,0.001000,2.000000,1090.429688,0.044224,0.022112
40.335938
1088.000000,0.001000,2.000000,1090.442261,0.044224,0.022112
1090.000000,0.001000,2.000000,1090.388306,0.044224,0.022112
1088.000000,0.001000,2.000000,1090.379761,0.044224,0.022112
1090.000000,0.001000,2.000000,1090.327148,0.044224,0.022112
1089.000000,0.001000,2.000000,1090.319946,0.044224,0.022112
1090.000000,0.001000,2.000000,1090.290771,0.044224,0.022112
1090.000000,0.001000,2.000000,1090.284302,0.044224,0.022112
1089.000000,0.001000,2.000000,1090.278076,0.044224,0.022112
1091.000000,0.001000,2.000000,1090.249756,0.044224,0.022112
1091.000000,0.001000,2.000000,1090.266357,0.044224,0.022112
1088.000000,0.001000,2.000000,1090.282593,0.044224,0.022112
1090.000000,0.001000,2.000000,1090.232178,0.044224,0.022112
1090.000000,0.001000,2.000000,1090.227051,0.044224,0.022112
1089.000000,0.001000,2.000000,1090.222046,0.044224,0.022112
1093.000000,0.001000,2.000000,1090.195068,0.044224,0.022112
1091.000000,0.001000,2.000000,1090.257080,0.044224,0.022112
1090.000000,0.001000,2.000000,1090.273560,0.044224,0.022112
1092.000000,0.001000,2.000000,1090.267456,0.044224,0.022112
1094.000000,0.001000,2.000000,1090.305786,0.044224,0.022112
1090.000000,0.001000,2.000000,1090.387451,0.044224,0.022112
1092.000000,0.001000,2.000000,1090.378906,0.044224,0.022112
1087.000000,0.001000,2.000000,1090.414795,0.044224,0.022112
1091.000000,0.001000,2.000000,1090.339233,0.044224,0.022112
1092.000000,0.001000,2.000000,1090.353882,0.044224,0.022112
1090.000000,0.001000,2.000000,1090.390259,0.044224,0.022112
1089.000000,0.001000,2.000000,1090.381592,0.044224,0.022112
1090.000000,0.001000,2.000000,1090.351074,0.044224,0.022112
1089.000000,0.001000,2.000000,1090.343262,0.044224,0.022112
1092.000000,0.001000,2.000000,1090.313599,0.044224,0.022112
1089.000000,0.001000,2.000000,1090.350830,0.044224,0.022112
1091.000000,0.001000,2.000000,1090.320923,0.044224,0.022112
1091.000000,0.001000,2.000000,1090.335938,0.044224,0.022112
1092.000000,0.001000,2.000000,1090.350586,0.044224,0.022112
1089.000000,0.001000,2.000000,1090.387085,0.044224,0.022112
1089.000000,0.001000,2.000000,1090.356445,0.044224,0.022112
1091.000000,0.001000,2.000000,1090.326416,0.044224,0.022112
1092.000000,0.001000,2.000000,1090.341309,0.044224,0.022112
1091.000000,0.001000,2.000000,1090.377930,0.044224,0.022112
1091.000000,0.001000,2.000000,1090.391724,0.044224,0.022112
1091.000000,0.001000,2.000000,1090.405151,0.044224,0.022112
1091.000000,0.001000,2.000000,1090.418335,0.044224,0.022112
1090.000000,0.001000,2.000000,1090.431152,0.044224,0.022112
1092.000000,0.001000,2.000000,1090.421631,0.044224,0.022112
40.335938
1091.000000,0.001000,2.000000,1090.456543,0.044224,0.022112
1090.000000,0.001000,2.000000,1090.468506,0.044224,0.022112
1094.000000,0.001000,2.000000,1090.458130,0.044224,0.022112
1090.000000,0.001000,2.000000,1090.536499,0.044224,0.022112
1089.000000,0.001000,2.000000,1090.524658,0.044224,0.022112
1091.000000,0.001000,2.000000,1090.490967,0.044224,0.022112
1091.000000,0.001000,2.000000,1090.502197,0.044224,0.022112
1091.000000,0.001000,2.000000,1090.513184,0.044224,0.022112
1089.000000,0.001000,2.000000,1090.523926,0.044224,0.022112
1091.000000,0.001000,2.000000,1090.490234,0.044224,0.022112
1094.000000,0.001000,2.000000,1090.501465,0.044224,0.022112
1088.000000,0.001000,2.000000,1090.578857,0.044224,0.022112
1091.000000,0.001000,2.000000,1090.521851,0.044224,0.022112
1092.000000,0.001000,2.000000,1090.532471,0.044224,0.022112
1093.000000,0.001000,2.000000,1090.564941,0.044224,0.022112
1090.000000,0.001000,2.000000,1090.618774,0.044224,0.022112
1091.000000,0.001000,2.000000,1090.605103,0.044224,0.022112
1089.000000,0.001000,2.000000,1090.613892,0.044224,0.022112
1089.000000,0.001000,2.000000,1090.578247,0.044224,0.022112
1093.000000,0.001000,2.000000,1090.543335,0.044224,0.022112
1091.000000,0.001000,2.000000,1090.597656,0.044224,0.022112
1089.000000,0.001000,2.000000,1090.606567,0.044224,0.022112
1091.000000,0.001000,2.000000,1090.571045,0.044224,0.022112
1088.000000,0.001000,2.000000,1090.580566,0.044224,0.022112
1092.000000,0.001000,2.000000,1090.523560,0.044224,0.022112
1089.000000,0.001000,2.000000,1090.556152,0.044224,0.022112
1090.000000,0.001000,2.000000,1090.521729,0.044224,0.022112
1096.000000,0.001000,2.000000,1090.510132,0.044224,0.022112
1090.000000,0.001000,2.000000,1090.631470,0.044224,0.022112
1096.000000,0.001000,2.000000,1090.617554,0.044224,0.022112
1090.000000,0.001000,2.000000,1090.736572,0.044224,0.022112
1088.000000,0.001000,2.000000,1090.720337,0.044224,0.022112
1091.000000,0.001000,2.000000,1090.660156,0.044224,0.022112
1091.000000,0.001000,2.000000,1090.667725,0.044224,0.022112
1091.000000,0.001000,2.000000,1090.675049,0.044224,0.022112
1094.000000,0.001000,2.000000,1090.682251,0.044224,0.022112
1089.000000,0.001000,2.000000,1090.755615,0.044224,0.022112
1090.000000,0.001000,2.000000,1090.716797,0.044224,0.022112
1093.000000,0.001000,2.000000,1090.700928,0.044224,0.022112
1090.000000,0.001000,2.000000,1090.751709,0.044224,0.022112
1094.000000,0.001000,2.000000,1090.735107,0.044224,0.022112
1091.000000,0.001000,2.000000,1090.807251,0.044224,0.022112
1091.000000,0.001000,2.000000,1090.811523,0.044224,0.022112
40.335938
1089.000000,0.001000,2.000000,1090.815674,0.044224,0.022112
1090.000000,0.001000,2.000000,1090.775513,0.044224,0.022112
1091.000000,0.001000,2.000000,1090.758423,0.044224,0.022112
1090.000000,0.001000,2.000000,1090.763794,0.044224,0.022112
1090.000000,0.001000,2.000000,1090.746948,0.044224,0.022112
1089.000000,0.001000,2.000000,1090.730469,0.044224,0.022112
1086.000000,0.001000,2.000000,1090.692261,0.044224,0.022112
1095.000000,0.001000,2.000000,1090.588501,0.044224,0.022112
1089.000000,0.001000,2.000000,1090.686035,0.044224,0.022112
1091.000000,0.001000,2.000000,1090.648804,0.044224,0.022112
1091.000000,0.001000,2.000000,1090.656616,0.044224,0.022112
1090.000000,0.001000,2.000000,1090.664185,0.044224,0.022112
1091.000000,0.001000,2.000000,1090.649536,0.044224,0.022112
1091.000000,0.001000,2.000000,1090.657227,0.044224,0.022112
1090.000000,0.001000,2.000000,1090.664795,0.044224,0.022112
1094.000000,0.001000,2.000000,1090.650146,0.044224,0.022112
1089.000000,0.001000,2.000000,1090.724243,0.044224,0.022112
1092.000000,0.001000,2.000000,1090.686157,0.044224,0.022112
1091.000000,0.001000,2.000000,1090.715210,0.044224,0.022112
1092.000000,0.001000,2.000000,1090.721558,0.044224,0.022112
1092.000000,0.001000,2.000000,1090.749878,0.044224,0.022112
1089.000000,0.001000,2.000000,1090.777466,0.044224,0.022112
1091.000000,0.001000,2.000000,1090.738159,0.044224,0.022112
1090.000000,0.001000,2.000000,1090.743896,0.044224,0.022112
1090.000000,0.001000,2.000000,1090.727417,0.044224,0.022112
1092.000000,0.001000,2.000000,1090.711304,0.044224,0.022112
1090.000000,0.001000,2.000000,1090.739746,0.044224,0.022112
1090.000000,0.001000,2.000000,1090.723389,0.044224,0.022112
1094.000000,0.001000,2.000000,1090.707397,0.044224,0.022112
1094.000000,0.001000,2.000000,1090.780151,0.044224,0.022112
1092.000000,0.001000,2.000000,1090.851318,0.044224,0.022112
1089.000000,0.001000,2.000000,1090.876709,0.044224,0.022112
1090.000000,0.001000,2.000000,1090.835205,0.044224,0.022112
1092.000000,0.001000,2.000000,1090.816772,0.044224,0.022112
1091.000000,0.001000,2.000000,1090.842896,0.044224,0.022112
1091.000000,0.001000,2.000000,1090.846313,0.044224,0.022112
1090.000000,0.001000,2.000000,1090.849731,0.044224,0.022112
1092.000000,0.001000,2.000000,1090.830933,0.044224,0.022112
1097.000000,0.001000,2.000000,1090.856812,0.044224,0.022112
1090.000000,0.001000,2.000000,1090.992676,0.044224,0.022112
1096.000000,0.001000,2.000000,1090.970703,0.044224,0.022112
1091.000000,0.001000,2.000000,1091.081909,0.044224,0.022112
1091.000000,0.001000,2.000000,1091.080078,0.044224,0.022112
40.628906
1090.000000,0.001000,2.000000,1091.078247,0.044224,0.022112
1092.000000,0.001000,2.000000,1091.054443,0.044224,0.022112
1090.000000,0.001000,2.000000,1091.075317,0.044224,0.022112
1092.000000,0.001000,2.000000,1091.051514,0.044224,0.022112
1093.000000,0.001000,2.000000,1091.072510,0.044224,0.022112
1090.000000,0.001000,2.000000,1091.115112,0.044224,0.022112
1091.000000,0.001000,2.000000,1091.090454,0.044224,0.022112
1094.000000,0.001000,2.000000,1091.088501,0.044224,0.022112
1090.000000,0.001000,2.000000,1091.152832,0.044224,0.022112
1090.000000,0.001000,2.000000,1091.127319,0.044224,0.022112
1091.000000,0.001000,2.000000,1091.102417,0.044224,0.022112
1091.000000,0.001000,2.000000,1091.100098,0.044224,0.022112
1090.000000,0.001000,2.000000,1091.097900,0.044224,0.022112
1089.000000,0.001000,2.000000,1091.073608,0.044224,0.022112
1089.000000,0.001000,2.000000,1091.027710,0.044224,0.022112
1090.000000,0.001000,2.000000,1090.982910,0.044224,0.022112
1091.000000,0.001000,2.000000,1090.961182,0.044224,0.022112
1091.000000,0.001000,2.000000,1090.962036,0.044224,0.022112
1090.000000,0.001000,2.000000,1090.962891,0.044224,0.022112
1096.000000,0.001000,2.000000,1090.941650,0.044224,0.022112
1089.000000,0.001000,2.000000,1091.053467,0.044224,0.022112
1091.000000,0.001000,2.000000,1091.008057,0.044224,0.022112
1094.000000,0.001000,2.000000,1091.007935,0.044224,0.022112
1093.000000,0.001000,2.000000,1091.074097,0.044224,0.022112
1094.000000,0.001000,2.000000,1091.116699,0.044224,0.022112
1089.000000,0.001000,2.000000,1091.180420,0.044224,0.022112
1091.000000,0.001000,2.000000,1091.132202,0.044224,0.022112
1089.000000,0.001000,2.000000,1091.129272,0.044224,0.022112
1091.000000,0.001000,2.000000,1091.082153,0.044224,0.022112
1092.000000,0.001000,2.000000,1091.080322,0.044224,0.022112
1092.000000,0.001000,2.000000,1091.100708,0.044224,0.022112
1095.000000,0.001000,2.000000,1091.120605,0.044224,0.022112
1091.000000,0.001000,2.000000,1091.206421,0.044224,0.022112
1091.000000,0.001000,2.000000,1091.201904,0.044224,0.022112
1090.000000,0.001000,2.000000,1091.197388,0.044224,0.022112
1091.000000,0.001000,2.000000,1091.170898,0.044224,0.022112
1089.000000,0.001000,2.000000,1091.167114,0.044224,0.022112
1090.000000,0.001000,2.000000,1091.119141,0.044224,0.022112
1092.000000,0.001000,2.000000,1091.094360,0.044224,0.022112
1091.000000,0.001000,2.000000,1091.114380,0.044224,0.022112
1091.000000,0.001000,2.000000,1091.111816,0.044224,0.022112
1089.000000,0.001000,2.000000,1091.109375,0.044224,0.022112
1091.000000,0.001000,2.000000,1091.062744,0.044224,0.022112
40.628906
1089.000000,0.001000,2.000000,1091.061401,0.044224,0.022112
1092.000000,0.001000,2.000000,1091.015869,0.044224,0.022112
1089.000000,0.001000,2.000000,1091.037598,0.044224,0.022112
1089.000000,0.001000,2.000000,1090.992554,0.044224,0.022112
1090.000000,0.001000,2.000000,1090.948486,0.044224,0.022112
1092.000000,0.001000,2.000000,1090.927490,0.044224,0.022112
1092.000000,0.001000,2.000000,1090.951172,0.044224,0.022112
1090.000000,0.001000,2.000000,1090.974365,0.044224,0.022112
1090.000000,0.001000,2.000000,1090.952881,0.044224,0.022112
1091.000000,0.001000,2.000000,1090.931763,0.044224,0.022112
1089.000000,0.001000,2.000000,1090.933228,0.044224,0.022112
1092.000000,0.001000,2.000000,1090.890503,0.044224,0.022112
1091.000000,0.001000,2.000000,1090.915039,0.044224,0.022112
1092.000000,0.001000,2.000000,1090.916870,0.044224,0.022112
1091.000000,0.001000,2.000000,1090.940796,0.044224,0.022112
1088.000000,0.001000,2.000000,1090.942139,0.044224,0.022112
1091.000000,0.001000,2.000000,1090.877075,0.044224,0.022112
1092.000000,0.001000,2.000000,1090.879761,0.044224,0.022112
1091.000000,0.001000,2.000000,1090.904541,0.044224,0.022112
1091.000000,0.001000,2.000000,1090.906616,0.044224,0.022112
1089.000000,0.001000,2.000000,1090.908691,0.044224,0.022112
1089.000000,0.001000,2.000000,1090.866455,0.044224,0.022112
1091.000000,0.001000,2.000000,1090.825195,0.044224,0.022112
1089.000000,0.001000,2.000000,1090.829102,0.044224,0.022112
1091.000000,0.001000,2.000000,1090.788696,0.044224,0.022112
1091.000000,0.001000,2.000000,1090.793335,0.044224,0.022112
1091.000000,0.001000,2.000000,1090.797852,0.044224,0.022112
1089.000000,0.001000,2.000000,1090.802368,0.044224,0.022112
1091.000000,0.001000,2.000000,1090.762573,0.044224,0.022112
1089.000000,0.001000,2.000000,1090.767822,0.044224,0.022112
1089.000000,0.001000,2.000000,1090.728760,0.044224,0.022112
1091.000000,0.001000,2.000000,1090.690552,0.044224,0.022112
1093.000000,0.001000,2.000000,1090.697388,0.044224,0.022112
1092.000000,0.001000,2.000000,1090.748291,0.044224,0.022112
1094.000000,0.001000,2.000000,1090.776001,0.044224,0.022112
1092.000000,0.001000,2.000000,1090.847290,0.044224,0.022112
1091.000000,0.001000,2.000000,1090.872803,0.044224,0.022112
1091.000000,0.001000,2.000000,1090.875610,0.044224,0.022112
1091.000000,0.001000,2.000000,1090.878418,0.044224,0.022112
1091.000000,0.001000,2.000000,1090.881104,0.044224,0.022112
1091.000000,0.001000,2.000000,1090.883789,0.044224,0.022112
1094.000000,0.001000,2.000000,1090.886353,0.044224,0.022112
1090.000000,0.001000,2.000000,1090.955200,0.044224,0.022112
40.335938
1092.000000,0.001000,2.000000,1090.934082,0.044224,0.022112
1091.000000,0.001000,2.000000,1090.957642,0.044224,0.022112
1094.000000,0.001000,2.000000,1090.958618,0.044224,0.022112
1091.000000,0.001000,2.000000,1091.025879,0.044224,0.022112
1090.000000,0.001000,2.000000,1091.025269,0.044224,0.022112
1090.000000,0.001000,2.000000,1091.002563,0.044224,0.022112
1097.000000,0.001000,2.000000,1090.980347,0.044224,0.022112
1091.000000,0.001000,2.000000,1091.113403,0.044224,0.022112
1088.000000,0.001000,2.000000,1091.110840,0.044224,0.022112
1094.000000,0.001000,2.000000,1091.041992,0.044224,0.022112
1089.000000,0.001000,2.000000,1091.107422,0.044224,0.022112
1089.000000,0.001000,2.000000,1091.060791,0.044224,0.022112
1089.000000,0.001000,2.000000,1091.015259,0.044224,0.022112
1091.000000,0.001000,2.000000,1090.970703,0.044224,0.022112
1092.000000,0.001000,2.000000,1090.971313,0.044224,0.022112
1092.000000,0.001000,2.000000,1090.994019,0.044224,0.022112
1092.000000,0.001000,2.000000,1091.016235,0.044224,0.022112
1089.000000,0.001000,2.000000,1091.037964,0.044224,0.022112
1091.000000,0.001000,2.000000,1090.992920,0.044224,0.022112
1089.000000,0.001000,2.000000,1090.993042,0.044224,0.022112
1092.000000,0.001000,2.000000,1090.948975,0.044224,0.022112
1091.000000,0.001000,2.000000,1090.972168,0.044224,0.022112
1092.000000,0.001000,2.000000,1090.972778,0.044224,0.022112
1089.000000,0.001000,2.000000,1090.995483,0.044224,0.022112
1091.000000,0.001000,2.000000,1090.951416,0.044224,0.022112
1089.000000,0.001000,2.000000,1090.952515,0.044224,0.022112
1090.000000,0.001000,2.000000,1090.909302,0.044224,0.022112
1091.000000,0.001000,2.000000,1090.889160,0.044224,0.022112
1092.000000,0.001000,2.000000,1090.891602,0.044224,0.022112
1089.000000,0.001000,2.000000,1090.916138,0.044224,0.022112
1094.000000,0.001000,2.000000,1090.873779,0.044224,0.022112
1093.000000,0.001000,2.000000,1090.942871,0.044224,0.022112
1089.000000,0.001000,2.000000,1090.988403,0.044224,0.022112
1092.000000,0.001000,2.000000,1090.944458,0.044224,0.022112
1092.000000,0.001000,2.000000,1090.967773,0.044224,0.022112
1092.000000,0.001000,2.000000,1090.990601,0.044224,0.022112
1094.000000,0.001000,2.000000,1091.012939,0.044224,0.022112
1092.000000,0.001000,2.000000,1091.078979,0.044224,0.022112
1091.000000,0.001000,2.000000,1091.099365,0.044224,0.022112
1089.000000,0.001000,2.000000,1091.097168,0.044224,0.022112
1094.000000,0.001000,2.000000,1091.050781,0.044224,0.022112
1091.000000,0.001000,2.000000,1091.115967,0.044224,0.022112
1090.000000,0.001000,2.000000,1091.113403,0.044224,0.022112
40.628906
1087.000000,0.001000,2.000000,1091.088745,0.044224,0.022112
1092.000000,0.001000,2.000000,1090.998291,0.044224,0.022112
1089.000000,0.001000,2.000000,1091.020386,0.044224,0.022112
1091.000000,0.001000,2.000000,1090.975708,0.044224,0.022112
1095.000000,0.001000,2.000000,1090.976196,0.044224,0.022112
1089.000000,0.001000,2.000000,1091.065186,0.044224,0.022112
1091.000000,0.001000,2.000000,1091.019531,0.044224,0.022112
1090.000000,0.001000,2.000000,1091.019043,0.044224,0.022112
1091.000000,0.001000,2.000000,1090.996460,0.044224,0.022112
1092.000000,0.001000,2.000000,1090.996582,0.044224,0.022112
1093.000000,0.001000,2.000000,1091.018799,0.044224,0.022112
1092.000000,0.001000,2.000000,1091.062622,0.044224,0.022112
1089.000000,0.001000,2.000000,1091.083374,0.044224,0.022112
1090.000000,0.001000,2.000000,1091.037354,0.044224,0.022112
1091.000000,0.001000,2.000000,1091.014404,0.044224,0.022112
1091.000000,0.001000,2.000000,1091.014038,0.044224,0.022112
1090.000000,0.001000,2.000000,1091.013672,0.044224,0.022112
1091.000000,0.001000,2.000000,1090.991211,0.044224,0.022112
1093.000000,0.001000,2.000000,1090.991455,0.044224,0.022112
1091.000000,0.001000,2.000000,1091.035889,0.044224,0.022112
1091.000000,0.001000,2.000000,1091.035034,0.044224,0.022112
1090.000000,0.001000,2.000000,1091.034302,0.044224,0.022112
1091.000000,0.001000,2.000000,1091.011475,0.044224,0.022112
1090.000000,0.001000,2.000000,1091.011230,0.044224,0.022112
1089.000000,0.001000,2.000000,1090.988892,0.044224,0.022112
1091.000000,0.001000,2.000000,1090.944946,0.044224,0.022112
1087.000000,0.001000,2.000000,1090.946167,0.044224,0.022112
1089.000000,0.001000,2.000000,1090.858887,0.044224,0.022112
1091.000000,0.001000,2.000000,1090.817749,0.044224,0.022112
1094.000000,0.001000,2.000000,1090.821777,0.044224,0.022112
1092.000000,0.001000,2.000000,1090.892090,0.044224,0.022112
1093.000000,0.001000,2.000000,1090.916626,0.044224,0.022112
1090.000000,0.001000,2.000000,1090.962646,0.044224,0.022112
1091.000000,0.001000,2.000000,1090.941406,0.044224,0.022112
1091.000000,0.001000,2.000000,1090.942749,0.044224,0.022112
1092.000000,0.001000,2.000000,1090.943970,0.044224,0.022112
1090.000000,0.001000,2.000000,1090.967285,0.044224,0.022112
1096.000000,0.001000,2.000000,1090.945923,0.044224,0.022112
1089.000000,0.001000,2.000000,1091.057739,0.044224,0.022112
1089.000000,0.001000,2.000000,1091.012207,0.044224,0.022112
1091.000000,0.001000,2.000000,1090.967773,0.044224,0.022112
1092.000000,0.001000,2.000000,1090.968506,0.044224,0.022112
1088.000000,0.001000,2.000000,1090.991333,0.044224,0.022112
40.335938
1094.000000,0.001000,2.000000,1090.925171,0.044224,0.022112
1087.000000,0.001000,2.000000,1090.993164,0.044224,0.022112
1089.000000,0.001000,2.000000,1090.904907,0.044224,0.022112
1092.000000,0.001000,2.000000,1090.862793,0.044224,0.022112
1088.000000,0.001000,2.000000,1090.887939,0.044224,0.022112
1090.000000,0.001000,2.000000,1090.824097,0.044224,0.022112
1091.000000,0.001000,2.000000,1090.805908,0.044224,0.022112
1091.000000,0.001000,2.000000,1090.810181,0.044224,0.022112
1093.000000,0.001000,2.000000,1090.814331,0.044224,0.022112
1091.000000,0.001000,2.000000,1090.862671,0.044224,0.022112
1090.000000,0.001000,2.000000,1090.865723,0.044224,0.022112
1091.000000,0.001000,2.000000,1090.846558,0.044224,0.022112
1089.000000,0.001000,2.000000,1090.849976,0.044224,0.022112
1092.000000,0.001000,2.000000,1090.809082,0.044224,0.022112
1094.000000,0.001000,2.000000,1090.835449,0.044224,0.022112
1089.000000,0.001000,2.000000,1090.905396,0.044224,0.022112
1092.000000,0.001000,2.000000,1090.863281,0.044224,0.022112
1090.000000,0.001000,2.000000,1090.888428,0.044224,0.022112
1089.000000,0.001000,2.000000,1090.868774,0.044224,0.022112
1091.000000,0.001000,2.000000,1090.827393,0.044224,0.022112
1089.000000,0.001000,2.000000,1090.831177,0.044224,0.022112
1094.000000,0.001000,2.000000,1090.790649,0.044224,0.022112
1093.000000,0.001000,2.000000,1090.861572,0.044224,0.022112
1088.000000,0.001000,2.000000,1090.908813,0.044224,0.022112
1091.000000,0.001000,2.000000,1090.844482,0.044224,0.022112
1092.000000,0.001000,2.000000,1090.847900,0.044224,0.022112
1093.000000,0.001000,2.000000,1090.873413,0.044224,0.022112
1091.000000,0.001000,2.000000,1090.920410,0.044224,0.022112
1092.000000,0.001000,2.000000,1090.922119,0.044224,0.022112
1098.000000,0.001000,2.000000,1090.945923,0.044224,0.022112
1092.000000,0.001000,2.000000,1091.101929,0.044224,0.022112
1091.000000,0.001000,2.000000,1091.121826,0.044224,0.022112
1091.000000,0.001000,2.000000,1091.119141,0.044224,0.022112
1091.000000,0.001000,2.000000,1091.116455,0.044224,0.022112
1091.000000,0.001000,2.000000,1091.113892,0.044224,0.022112
1089.000000,0.001000,2.000000,1091.111328,0.044224,0.022112
1091.000000,0.001000,2.000000,1091.064697,0.044224,0.022112
1094.000000,0.001000,2.000000,1091.063232,0.044224,0.022112
1091.000000,0.001000,2.000000,1091.128174,0.044224,0.022112
1090.000000,0.001000,2.000000,1091.125366,0.044224,0.022112
1091.000000,0.001000,2.000000,1091.100464,0.044224,0.022112
1090.000000,0.001000,2.000000,1091.098267,0.044224,0.022112
1091.000000,0.001000,2.000000,1091.073975,0.044224,0.022112
40.628906
1090.000000,0.001000,2.000000,1091.072388,0.044224,0.022112
1090.000000,0.001000,2.000000,1091.048706,0.044224,0.022112
1094.000000,0.001000,2.000000,1091.025513,0.044224,0.022112
1096.000000,0.001000,2.000000,1091.091309,0.044224,0.022112
1094.000000,0.001000,2.000000,1091.199829,0.044224,0.022112
1090.000000,0.001000,2.000000,1091.261719,0.044224,0.022112
1092.000000,0.001000,2.000000,1091.233765,0.044224,0.022112
1092.000000,0.001000,2.000000,1091.250732,0.044224,0.022112
1093.000000,0.001000,2.000000,1091.267334,0.044224,0.022112
1093.000000,0.001000,2.000000,1091.305664,0.044224,0.022112
1094.000000,0.001000,2.000000,1091.343140,0.044224,0.022112
1089.000000,0.001000,2.000000,1091.401855,0.044224,0.022112
1090.000000,0.001000,2.000000,1091.348755,0.044224,0.022112
1089.000000,0.001000,2.000000,1091.318970,0.044224,0.022112
1092.000000,0.001000,2.000000,1091.267700,0.044224,0.022112
1090.000000,0.001000,2.000000,1091.283936,0.044224,0.022112
1091.000000,0.001000,2.000000,1091.255493,0.044224,0.022112
1093.000000,0.001000,2.000000,1091.249878,0.044224,0.022112
1092.000000,0.001000,2.000000,1091.288574,0.044224,0.022112
1091.000000,0.001000,2.000000,1091.304321,0.044224,0.022112
1093.000000,0.001000,2.000000,1091.297607,0.044224,0.022112
1092.000000,0.001000,2.000000,1091.335205,0.044224,0.022112
1091.000000,0.001000,2.000000,1091.349854,0.044224,0.022112
1092.000000,0.001000,2.000000,1091.342163,0.044224,0.022112
1092.000000,0.001000,2.000000,1091.356689,0.044224,0.022112
1094.000000,0.001000,2.000000,1091.370972,0.044224,0.022112
1089.000000,0.001000,2.000000,1091.429077,0.044224,0.022112
1091.000000,0.001000,2.000000,1091.375366,0.044224,0.022112
1090.000000,0.001000,2.000000,1091.367065,0.044224,0.022112
1094.000000,0.001000,2.000000,1091.336792,0.044224,0.022112
1092.000000,0.001000,2.000000,1091.395630,0.044224,0.022112
1091.000000,0.001000,2.000000,1091.408936,0.044224,0.022112
1089.000000,0.001000,2.000000,1091.399902,0.044224,0.022112
1088.000000,0.001000,2.000000,1091.346802,0.044224,0.022112
1090.000000,0.001000,2.000000,1091.272827,0.044224,0.022112
1091.000000,0.001000,2.000000,1091.244629,0.044224,0.022112
1093.000000,0.001000,2.000000,1091.239258,0.044224,0.022112
1091.000000,0.001000,2.000000,1091.278198,0.044224,0.022112
1089.000000,0.001000,2.000000,1091.272095,0.044224,0.022112
1090.000000,0.001000,2.000000,1091.221802,0.044224,0.022112
1091.000000,0.001000,2.000000,1091.194824,0.044224,0.022112
1091.000000,0.001000,2.000000,1091.190552,0.044224,0.022112
1089.000000,0.001000,2.000000,1091.186279,0.044224,0.022112
40.628906
1092.000000,0.001000,2.000000,1091.137939,0.044224,0.022112
1091.000000,0.001000,2.000000,1091.156982,0.044224,0.022112
1090.000000,0.001000,2.000000,1091.153564,0.044224,0.022112
1091.000000,0.001000,2.000000,1091.128052,0.044224,0.022112
1091.000000,0.001000,2.000000,1091.125244,0.044224,0.022112
1091.000000,0.001000,2.000000,1091.122437,0.044224,0.022112
1094.000000,0.001000,2.000000,1091.119751,0.044224,0.022112
1089.000000,0.001000,2.000000,1091.183472,0.044224,0.022112
1091.000000,0.001000,2.000000,1091.135132,0.044224,0.022112
1089.000000,0.001000,2.000000,1091.132202,0.044224,0.022112
1092.000000,0.001000,2.000000,1091.085083,0.044224,0.022112
1091.000000,0.001000,2.000000,1091.105347,0.044224,0.022112
1091.000000,0.001000,2.000000,1091.103027,0.044224,0.022112
1093.000000,0.001000,2.000000,1091.100708,0.044224,0.022112
1089.000000,0.001000,2.000000,1091.142700,0.044224,0.022112
1089.000000,0.001000,2.000000,1091.095337,0.044224,0.022112
1092.000000,0.001000,2.000000,1091.048950,0.044224,0.022112
1094.000000,0.001000,2.000000,1091.069946,0.044224,0.022112
1089.000000,0.001000,2.000000,1091.134766,0.044224,0.022112
1089.000000,0.001000,2.000000,1091.087524,0.044224,0.022112
1091.000000,0.001000,2.000000,1091.041382,0.044224,0.022112
1089.000000,0.001000,2.000000,1091.040527,0.044224,0.022112
1091.000000,0.001000,2.000000,1090.995361,0.044224,0.022112
1092.000000,0.001000,2.000000,1090.995483,0.044224,0.022112
1091.000000,0.001000,2.000000,1091.017700,0.044224,0.022112
1091.000000,0.001000,2.000000,1091.017334,0.044224,0.022112
1089.000000,0.001000,2.000000,1091.016968,0.044224,0.022112
1092.000000,0.001000,2.000000,1090.972412,0.044224,0.022112
1091.000000,0.001000,2.000000,1090.995117,0.044224,0.022112
1092.000000,0.001000,2.000000,1090.995239,0.044224,0.022112
1091.000000,0.001000,2.000000,1091.017456,0.044224,0.022112
1091.000000,0.001000,2.000000,1091.017090,0.044224,0.022112
1092.000000,0.001000,2.000000,1091.016724,0.044224,0.022112
1092.000000,0.001000,2.000000,1091.038452,0.044224,0.022112
1091.000000,0.001000,2.000000,1091.059692,0.044224,0.022112
1092.000000,0.001000,2.000000,1091.058350,0.044224,0.022112
1091.000000,0.001000,2.000000,1091.079224,0.044224,0.022112
1089.000000,0.001000,2.000000,1091.077515,0.044224,0.022112
1091.000000,0.001000,2.000000,1091.031616,0.044224,0.022112
1091.000000,0.001000,2.000000,1091.030884,0.044224,0.022112
1091.000000,0.001000,2.000000,1091.030151,0.044224,0.022112
1093.000000,0.001000,2.000000,1091.029541,0.044224,0.022112
1091.000000,0.001000,2.000000,1091.073120,0.044224,0.022112
40.628906
1094.000000,0.001000,2.000000,1091.071533,0.044224,0.022112
1091.000000,0.001000,2.000000,1091.136230,0.044224,0.022112
1091.000000,0.001000,2.000000,1091.133179,0.044224,0.022112
1090.000000,0.001000,2.000000,1091.130249,0.044224,0.022112
1092.000000,0.001000,2.000000,1091.105225,0.044224,0.022112
1091.000000,0.001000,2.000000,1091.125000,0.044224,0.022112
1091.000000,0.001000,2.000000,1091.122192,0.044224,0.022112
1089.000000,0.001000,2.000000,1091.119507,0.044224,0.022112
1092.000000,0.001000,2.000000,1091.072632,0.044224,0.022112
1096.000000,0.001000,2.000000,1091.093140,0.044224,0.022112
1091.000000,0.001000,2.000000,1091.201660,0.044224,0.022112
1091.000000,0.001000,2.000000,1091.197144,0.044224,0.022112
1091.000000,0.001000,2.000000,1091.192749,0.044224,0.022112
1094.000000,0.001000,2.000000,1091.188477,0.044224,0.022112
1091.000000,0.001000,2.000000,1091.250610,0.044224,0.022112
1090.000000,0.001000,2.000000,1091.245117,0.044224,0.022112
1092.000000,0.001000,2.000000,1091.217529,0.044224,0.022112
1089.000000,0.001000,2.000000,1091.234863,0.044224,0.022112
1096.000000,0.001000,2.000000,1091.185425,0.044224,0.022112
1093.000000,0.001000,2.000000,1091.291870,0.044224,0.022112
1090.000000,0.001000,2.000000,1091.329590,0.044224,0.022112
1091.000000,0.001000,2.000000,1091.300171,0.044224,0.022112
1092.000000,0.001000,2.000000,1091.293579,0.044224,0.022112
1094.000000,0.001000,2.000000,1091.309204,0.044224,0.022112
1092.000000,0.001000,2.000000,1091.368652,0.044224,0.022112
1091.000000,0.001000,2.000000,1091.382568,0.044224,0.022112
1092.000000,0.001000,2.000000,1091.374146,0.044224,0.022112
1091.000000,0.001000,2.000000,1091.387939,0.044224,0.022112
1091.000000,0.001000,2.000000,1091.379395,0.044224,0.022112
1094.000000,0.001000,2.000000,1091.370972,0.044224,0.022112
1090.000000,0.001000,2.000000,1091.429077,0.044224,0.022112
1091.000000,0.001000,2.000000,1091.397461,0.044224,0.022112
1092.000000,0.001000,2.000000,1091.388672,0.044224,0.022112
1091.000000,0.001000,2.000000,1091.402222,0.044224,0.022112
1094.000000,0.001000,2.000000,1091.393311,0.044224,0.022112
1093.000000,0.001000,2.000000,1091.450928,0.044224,0.022112
1092.000000,0.001000,2.000000,1091.485229,0.044224,0.022112
1090.000000,0.001000,2.000000,1091.496582,0.044224,0.022112
1092.000000,0.001000,2.000000,1091.463501,0.044224,0.022112
1090.000000,0.001000,2.000000,1091.475342,0.044224,0.022112
1091.000000,0.001000,2.000000,1091.442749,0.044224,0.022112
1092.000000,0.001000,2.000000,1091.432983,0.044224,0.022112
1094.000000,0.001000,2.000000,1091.445557,0.044224,0.022112
40.628906
1094.000000,0.001000,2.000000,1091.502075,0.044224,0.022112
1092.000000,0.001000,2.000000,1091.557251,0.044224,0.022112
1092.000000,0.001000,2.000000,1091.567017,0.044224,0.022112
1092.000000,0.001000,2.000000,1091.576538,0.044224,0.022112
1092.000000,0.001000,2.000000,1091.585938,0.044224,0.022112
1092.000000,0.001000,2.000000,1091.595093,0.044224,0.022112
1091.000000,0.001000,2.000000,1091.604004,0.044224,0.022112
1092.000000,0.001000,2.000000,1091.590698,0.044224,0.022112
1094.000000,0.001000,2.000000,1091.599731,0.044224,0.022112
1089.000000,0.001000,2.000000,1091.652832,0.044224,0.022112
1090.000000,0.001000,2.000000,1091.594116,0.044224,0.022112
1092.000000,0.001000,2.000000,1091.558838,0.044224,0.022112
1091.000000,0.001000,2.000000,1091.568604,0.044224,0.022112
1091.000000,0.001000,2.000000,1091.556030,0.044224,0.022112
1092.000000,0.001000,2.000000,1091.543701,0.044224,0.022112
1091.000000,0.001000,2.000000,1091.553833,0.044224,0.022112
1092.000000,0.001000,2.000000,1091.541626,0.044224,0.022112
1089.000000,0.001000,2.000000,1091.551758,0.044224,0.022112
1091.000000,0.001000,2.000000,1091.495361,0.044224,0.022112
1094.000000,0.001000,2.000000,1091.484375,0.044224,0.022112
1090.000000,0.001000,2.000000,1091.540039,0.044224,0.022112
1092.000000,0.001000,2.000000,1091.505981,0.044224,0.022112
1091.000000,0.001000,2.000000,1091.516846,0.044224,0.022112
1091.000000,0.001000,2.000000,1091.505371,0.044224,0.022112
1089.000000,0.001000,2.000000,1091.494141,0.044224,0.022112
1091.000000,0.001000,2.000000,1091.438965,0.044224,0.022112
1089.000000,0.001000,2.000000,1091.429199,0.044224,0.022112
1091.000000,0.001000,2.000000,1091.375488,0.044224,0.022112
1089.000000,0.001000,2.000000,1091.367188,0.044224,0.022112
1091.000000,0.001000,2.000000,1091.314819,0.044224,0.022112
1090.000000,0.001000,2.000000,1091.307861,0.044224,0.022112
1091.000000,0.001000,2.000000,1091.278931,0.044224,0.022112
1092.000000,0.001000,2.000000,1091.272705,0.044224,0.022112
1092.000000,0.001000,2.000000,1091.288818,0.044224,0.022112
1089.000000,0.001000,2.000000,1091.304565,0.044224,0.022112
1092.000000,0.001000,2.000000,1091.253662,0.044224,0.022112
1092.000000,0.001000,2.000000,1091.270142,0.044224,0.022112
1087.000000,0.001000,2.000000,1091.286255,0.044224,0.022112
1091.000000,0.001000,2.000000,1091.191528,0.044224,0.022112
1094.000000,0.001000,2.000000,1091.187256,0.044224,0.022112
1097.000000,0.001000,2.000000,1091.249512,0.044224,0.022112
1090.000000,0.001000,2.000000,1091.376709,0.044224,0.022112
1090.000000,0.001000,2.000000,1091.346313,0.044224,0.022112
40.628906
1091.000000,0.001000,2.000000,1091.316528,0.044224,0.022112
1091.000000,0.001000,2.000000,1091.309570,0.044224,0.022112
1090.000000,0.001000,2.000000,1091.302734,0.044224,0.022112
1091.000000,0.001000,2.000000,1091.273926,0.044224,0.022112
1092.000000,0.001000,2.000000,1091.267822,0.044224,0.022112
1092.000000,0.001000,2.000000,1091.284058,0.044224,0.022112
1088.000000,0.001000,2.000000,1091.299927,0.044224,0.022112
1094.000000,0.001000,2.000000,1091.226929,0.044224,0.022112
1097.000000,0.001000,2.000000,1091.288208,0.044224,0.022112
1089.000000,0.001000,2.000000,1091.414551,0.044224,0.022112
1089.000000,0.001000,2.000000,1091.361206,0.044224,0.022112
1092.000000,0.001000,2.000000,1091.308960,0.044224,0.022112
1091.000000,0.001000,2.000000,1091.324219,0.044224,0.022112
1092.000000,0.001000,2.000000,1091.317017,0.044224,0.022112
1094.000000,0.001000,2.000000,1091.332153,0.044224,0.022112
1092.000000,0.001000,2.000000,1091.391113,0.044224,0.022112
1096.000000,0.001000,2.000000,1091.404541,0.044224,0.022112
1097.000000,0.001000,2.000000,1091.506104,0.044224,0.022112
1094.000000,0.001000,2.000000,1091.627563,0.044224,0.022112
1092.000000,0.001000,2.000000,1091.680054,0.044224,0.022112
1097.000000,0.001000,2.000000,1091.687134,0.044224,0.022112
1094.000000,0.001000,2.000000,1091.804565,0.044224,0.022112
1094.000000,0.001000,2.000000,1091.853149,0.044224,0.022112
1090.000000,0.001000,2.000000,1091.900635,0.044224,0.022112
1094.000000,0.001000,2.000000,1091.858643,0.044224,0.022112
1093.000000,0.001000,2.000000,1091.906006,0.044224,0.022112
1091.000000,0.001000,2.000000,1091.930176,0.044224,0.022112
1094.000000,0.001000,2.000000,1091.909668,0.044224,0.022112
1091.000000,0.001000,2.000000,1091.955933,0.044224,0.022112
1092.000000,0.001000,2.000000,1091.934814,0.044224,0.022112
1091.000000,0.001000,2.000000,1091.936279,0.044224,0.022112
1093.000000,0.001000,2.000000,1091.915527,0.044224,0.022112
1091.000000,0.001000,2.000000,1091.939453,0.044224,0.022112
1092.000000,0.001000,2.000000,1091.918701,0.044224,0.022112
1093.000000,0.001000,2.000000,1091.920532,0.044224,0.022112
1091.000000,0.001000,2.000000,1091.944458,0.044224,0.022112
1094.000000,0.001000,2.000000,1091.923584,0.044224,0.022112
1089.000000,0.001000,2.000000,1091.969482,0.044224,0.022112
1091.000000,0.001000,2.000000,1091.903809,0.044224,0.022112
1091.000000,0.001000,2.000000,1091.883789,0.044224,0.022112
1091.000000,0.001000,2.000000,1091.864258,0.044224,0.022112
1094.000000,0.001000,2.000000,1091.845093,0.044224,0.022112
1093.000000,0.001000,2.000000,1091.892700,0.044224,0.022112
40.628906
1092.000000,0.001000,2.000000,1091.917236,0.044224,0.022112
1093.000000,0.001000,2.000000,1091.919067,0.044224,0.022112
1094.000000,0.001000,2.000000,1091.942993,0.044224,0.022112
1093.000000,0.001000,2.000000,1091.988525,0.044224,0.022112
1091.000000,0.001000,2.000000,1092.010864,0.044224,0.022112
1091.000000,0.001000,2.000000,1091.988525,0.044224,0.022112
1093.000000,0.001000,2.000000,1091.966675,0.044224,0.022112
1089.000000,0.001000,2.000000,1091.989502,0.044224,0.022112
1095.000000,0.001000,2.000000,1091.923340,0.044224,0.022112
1089.000000,0.001000,2.000000,1091.991333,0.044224,0.022112
1094.000000,0.001000,2.000000,1091.925171,0.044224,0.022112
1091.000000,0.001000,2.000000,1091.971069,0.044224,0.022112
1091.000000,0.001000,2.000000,1091.949585,0.044224,0.022112
1091.000000,0.001000,2.000000,1091.928589,0.044224,0.022112
1092.000000,0.001000,2.000000,1091.908081,0.044224,0.022112
1092.000000,0.001000,2.000000,1091.910156,0.044224,0.022112
1092.000000,0.001000,2.000000,1091.912109,0.044224,0.022112
1091.000000,0.001000,2.000000,1091.914063,0.044224,0.022112
1091.000000,0.001000,2.000000,1091.893799,0.044224,0.022112
1089.000000,0.001000,2.000000,1091.874023,0.044224,0.022112
1092.000000,0.001000,2.000000,1091.810425,0.044224,0.022112
1094.000000,0.001000,2.000000,1091.814575,0.044224,0.022112
1093.000000,0.001000,2.000000,1091.862915,0.044224,0.022112
1091.000000,0.001000,2.000000,1091.888062,0.044224,0.022112
1094.000000,0.001000,2.000000,1091.868408,0.044224,0.022112
1094.000000,0.001000,2.000000,1091.915527,0.044224,0.022112
1094.000000,0.001000,2.000000,1091.961670,0.044224,0.022112
1091.000000,0.001000,2.000000,1092.006714,0.044224,0.022112
1093.000000,0.001000,2.000000,1091.984497,0.044224,0.022112
1089.000000,0.001000,2.000000,1092.006958,0.044224,0.022112
1094.000000,0.001000,2.000000,1091.940430,0.044224,0.022112
1092.000000,0.001000,2.000000,1091.985962,0.044224,0.022112
1094.000000,0.001000,2.000000,1091.986328,0.044224,0.022112
1094.000000,0.001000,2.000000,1092.030884,0.044224,0.022112
1092.000000,0.001000,2.000000,1092.074463,0.044224,0.022112
1091.000000,0.001000,2.000000,1092.072876,0.044224,0.022112
1092.000000,0.001000,2.000000,1092.049194,0.044224,0.022112
1094.000000,0.001000,2.000000,1092.048096,0.044224,0.022112
1091.000000,0.001000,2.000000,1092.091309,0.044224,0.022112
1092.000000,0.001000,2.000000,1092.067139,0.044224,0.022112
1088.000000,0.001000,2.000000,1092.065674,0.044224,0.022112
1091.000000,0.001000,2.000000,1091.975830,0.044224,0.022112
1091.000000,0.001000,2.000000,1091.954224,0.044224,0.022112
40.628906
1089.000000,0.001000,2.000000,1091.933105,0.044224,0.022112
1092.000000,0.001000,2.000000,1091.868286,0.044224,0.022112
1091.000000,0.001000,2.000000,1091.871216,0.044224,0.022112
1090.000000,0.001000,2.000000,1091.851929,0.044224,0.022112
1091.000000,0.001000,2.000000,1091.811035,0.044224,0.022112
1092.000000,0.001000,2.000000,1091.793091,0.044224,0.022112
1091.000000,0.001000,2.000000,1091.797607,0.044224,0.022112
1088.000000,0.001000,2.000000,1091.780029,0.044224,0.022112
1091.000000,0.001000,2.000000,1091.696411,0.044224,0.022112
1091.000000,0.001000,2.000000,1091.681030,0.044224,0.022112
1091.000000,0.001000,2.000000,1091.666016,0.044224,0.022112
1091.000000,0.001000,2.000000,1091.651245,0.044224,0.022112
1091.000000,0.001000,2.000000,1091.636841,0.044224,0.022112
1092.000000,0.001000,2.000000,1091.622803,0.044224,0.022112
1089.000000,0.001000,2.000000,1091.631104,0.044224,0.022112
1091.000000,0.001000,2.000000,1091.572876,0.044224,0.022112
1092.000000,0.001000,2.000000,1091.560181,0.044224,0.022112
1093.000000,0.001000,2.000000,1091.569946,0.044224,0.022112
1091.000000,0.001000,2.000000,1091.601563,0.044224,0.022112
1094.000000,0.001000,2.000000,1091.588257,0.044224,0.022112
1089.000000,0.001000,2.000000,1091.641602,0.044224,0.022112
1091.000000,0.001000,2.000000,1091.583130,0.044224,0.022112
1096.000000,0.001000,2.000000,1091.570190,0.044224,0.022112
1091.000000,0.001000,2.000000,1091.668091,0.044224,0.022112
1093.000000,0.001000,2.000000,1091.653320,0.044224,0.022112
1093.000000,0.001000,2.000000,1091.683105,0.044224,0.022112
1094.000000,0.001000,2.000000,1091.712280,0.044224,0.022112
1092.000000,0.001000,2.000000,1091.762817,0.044224,0.022112
1089.000000,0.001000,2.000000,1091.768066,0.044224,0.022112
1090.000000,0.001000,2.000000,1091.706909,0.044224,0.022112
1091.000000,0.001000,2.000000,1091.669189,0.044224,0.022112
1090.000000,0.001000,2.000000,1091.654419,0.044224,0.022112
1093.000000,0.001000,2.000000,1091.617798,0.044224,0.022112
1092.000000,0.001000,2.000000,1091.648315,0.044224,0.022112
1092.000000,0.001000,2.000000,1091.656128,0.044224,0.022112
1091.000000,0.001000,2.000000,1091.663696,0.044224,0.022112
1092.000000,0.001000,2.000000,1091.649048,0.044224,0.022112
1099.000000,0.001000,2.000000,1091.656860,0.044224,0.022112
1092.000000,0.001000,2.000000,1091.819214,0.044224,0.022112
1091.000000,0.001000,2.000000,1091.823242,0.044224,0.022112
1092.000000,0.001000,2.000000,1091.805054,0.044224,0.022112
1091.000000,0.001000,2.000000,1091.809326,0.044224,0.022112
1091.000000,0.001000,2.000000,1091.791382,0.044224,0.022112
40.628906
1092.000000,0.001000,2.000000,1091.773926,0.044224,0.022112
1089.000000,0.001000,2.000000,1091.778931,0.044224,0.022112
1092.000000,0.001000,2.000000,1091.717529,0.044224,0.022112
1093.000000,0.001000,2.000000,1091.723755,0.044224,0.022112
1096.000000,0.001000,2.000000,1091.751953,0.044224,0.022112
1091.000000,0.001000,2.000000,1091.845947,0.044224,0.022112
1093.000000,0.001000,2.000000,1091.827271,0.044224,0.022112
1092.000000,0.001000,2.000000,1091.853149,0.044224,0.022112
1091.000000,0.001000,2.000000,1091.856445,0.044224,0.022112
1092.000000,0.001000,2.000000,1091.837524,0.044224,0.022112
1090.000000,0.001000,2.000000,1091.841064,0.044224,0.022112
1091.000000,0.001000,2.000000,1091.800415,0.044224,0.022112
1091.000000,0.001000,2.000000,1091.782715,0.044224,0.022112
1090.000000,0.001000,2.000000,1091.765381,0.044224,0.022112
1092.000000,0.001000,2.000000,1091.726318,0.044224,0.022112
1092.000000,0.001000,2.000000,1091.732422,0.044224,0.022112
1094.000000,0.001000,2.000000,1091.738281,0.044224,0.022112
1094.000000,0.001000,2.000000,1091.788330,0.044224,0.022112
1091.000000,0.001000,2.000000,1091.837280,0.044224,0.022112
1095.000000,0.001000,2.000000,1091.818726,0.044224,0.022112
1091.000000,0.001000,2.000000,1091.889038,0.044224,0.022112
1091.000000,0.001000,2.000000,1091.869385,0.044224,0.022112
1095.000000,0.001000,2.000000,1091.850220,0.044224,0.022112
1091.000000,0.001000,2.000000,1091.919922,0.044224,0.022112
1092.000000,0.001000,2.000000,1091.899536,0.044224,0.022112
1093.000000,0.001000,2.000000,1091.901733,0.044224,0.022112
1092.000000,0.001000,2.000000,1091.926025,0.044224,0.022112
1094.000000,0.001000,2.000000,1091.927612,0.044224,0.022112
1091.000000,0.001000,2.000000,1091.973389,0.044224,0.022112
1091.000000,0.001000,2.000000,1091.951904,0.044224,0.022112
1090.000000,0.001000,2.000000,1091.930908,0.044224,0.022112
1091.000000,0.001000,2.000000,1091.888184,0.044224,0.022112
1094.000000,0.001000,2.000000,1091.868530,0.044224,0.022112
1094.000000,0.001000,2.000000,1091.915649,0.044224,0.022112
1091.000000,0.001000,2.000000,1091.961792,0.044224,0.022112
1091.000000,0.001000,2.000000,1091.940552,0.044224,0.022112
1094.000000,0.001000,2.000000,1091.919800,0.044224,0.022112
1092.000000,0.001000,2.000000,1091.965820,0.044224,0.022112
1091.000000,0.001000,2.000000,1091.966553,0.044224,0.022112
1094.000000,0.001000,2.000000,1091.945190,0.044224,0.022112
1091.000000,0.001000,2.000000,1091.990601,0.044224,0.022112
1091.000000,0.001000,2.000000,1091.968750,0.044224,0.022112
1092.000000,0.001000,2.000000,1091.947388,0.044224,0.022112
40.628906
1091.000000,0.001000,2.000000,1091.948608,0.044224,0.022112
1090.000000,0.001000,2.000000,1091.927612,0.044224,0.022112
1094.000000,0.001000,2.000000,1091.885010,0.044224,0.022112
1092.000000,0.001000,2.000000,1091.931763,0.044224,0.022112
1092.000000,0.001000,2.000000,1091.933228,0.044224,0.022112
1092.000000,0.001000,2.000000,1091.934692,0.044224,0.022112
1094.000000,0.001000,2.000000,1091.936157,0.044224,0.022112
1092.000000,0.001000,2.000000,1091.981812,0.044224,0.022112
1092.000000,0.001000,2.000000,1091.982178,0.044224,0.022112
1091.000000,0.001000,2.000000,1091.982544,0.044224,0.022112
1092.000000,0.001000,2.000000,1091.960815,0.044224,0.022112
1093.000000,0.001000,2.000000,1091.961670,0.044224,0.022112
1093.000000,0.001000,2.000000,1091.984619,0.044224,0.022112
1094.000000,0.001000,2.000000,1092.007080,0.044224,0.022112
1092.000000,0.001000,2.000000,1092.051147,0.044224,0.022112
1091.000000,0.001000,2.000000,1092.050049,0.044224,0.022112
1093.000000,0.001000,2.000000,1092.026855,0.044224,0.022112
1093.000000,0.001000,2.000000,1092.048340,0.044224,0.022112
1091.000000,0.001000,2.000000,1092.069336,0.044224,0.022112
1097.000000,0.001000,2.000000,1092.045654,0.044224,0.022112
1091.000000,0.001000,2.000000,1092.155151,0.044224,0.022112
1091.000000,0.001000,2.000000,1092.129639,0.044224,0.022112
1094.000000,0.001000,2.000000,1092.104614,0.044224,0.022112
1092.000000,0.001000,2.000000,1092.146484,0.044224,0.022112
1091.000000,0.001000,2.000000,1092.143188,0.044224,0.022112
1092.000000,0.001000,2.000000,1092.117920,0.044224,0.022112
1095.000000,0.001000,2.000000,1092.115356,0.044224,0.022112
1092.000000,0.001000,2.000000,1092.179199,0.044224,0.022112
1089.000000,0.001000,2.000000,1092.175293,0.044224,0.022112
1094.000000,0.001000,2.000000,1092.105103,0.044224,0.022112
1091.000000,0.001000,2.000000,1092.146973,0.044224,0.022112
1093.000000,0.001000,2.000000,1092.121582,0.044224,0.022112
1095.000000,0.001000,2.000000,1092.140991,0.044224,0.022112
1089.000000,0.001000,2.000000,1092.204224,0.044224,0.022112
1095.000000,0.001000,2.000000,1092.133423,0.044224,0.022112
1092.000000,0.001000,2.000000,1092.196777,0.044224,0.022112
1091.000000,0.001000,2.000000,1092.192383,0.044224,0.022112
1091.000000,0.001000,2.000000,1092.166016,0.044224,0.022112
1089.000000,0.001000,2.000000,1092.140259,0.044224,0.022112
1091.000000,0.001000,2.000000,1092.070801,0.044224,0.022112
1094.000000,0.001000,2.000000,1092.047119,0.044224,0.022112
1092.000000,0.001000,2.000000,1092.090332,0.044224,0.022112
1091.000000,0.001000,2.000000,1092.088379,0.044224,0.022112
40.921875
1090.000000,0.001000,2.000000,1092.064331,0.044224,0.022112
1092.000000,0.001000,2.000000,1092.018677,0.044224,0.022112
1093.000000,0.001000,2.000000,1092.018311,0.044224,0.022112
1094.000000,0.001000,2.000000,1092.040039,0.044224,0.022112
1093.000000,0.001000,2.000000,1092.083374,0.044224,0.022112
1093.000000,0.001000,2.000000,1092.103638,0.044224,0.022112
1095.000000,0.001000,2.000000,1092.123413,0.044224,0.022112
1091.000000,0.001000,2.000000,1092.187012,0.044224,0.022112
1094.000000,0.001000,2.000000,1092.160767,0.044224,0.022112
1094.000000,0.001000,2.000000,1092.201416,0.044224,0.022112
1096.000000,0.001000,2.000000,1092.241211,0.044224,0.022112
1094.000000,0.001000,2.000000,1092.324341,0.044224,0.022112
1094.000000,0.001000,2.000000,1092.361450,0.044224,0.022112
1091.000000,0.001000,2.000000,1092.397705,0.044224,0.022112
1094.000000,0.001000,2.000000,1092.366821,0.044224,0.022112
1091.000000,0.001000,2.000000,1092.402954,0.044224,0.022112
1094.000000,0.001000,2.000000,1092.371948,0.044224,0.022112
1090.000000,0.001000,2.000000,1092.407959,0.044224,0.022112
1091.000000,0.001000,2.000000,1092.354736,0.044224,0.022112
1092.000000,0.001000,2.000000,1092.324829,0.044224,0.022112
1096.000000,0.001000,2.000000,1092.317627,0.044224,0.022112
1094.000000,0.001000,2.000000,1092.399048,0.044224,0.022112
1090.000000,0.001000,2.000000,1092.434448,0.044224,0.022112
1092.000000,0.001000,2.000000,1092.380615,0.044224,0.022112
1096.000000,0.001000,2.000000,1092.372192,0.044224,0.022112
1094.000000,0.001000,2.000000,1092.452393,0.044224,0.022112
1094.000000,0.001000,2.000000,1092.486572,0.044224,0.022112
1093.000000,0.001000,2.000000,1092.520020,0.044224,0.022112
1091.000000,0.001000,2.000000,1092.530640,0.044224,0.022112
1091.000000,0.001000,2.000000,1092.496826,0.044224,0.022112
1090.000000,0.001000,2.000000,1092.463745,0.044224,0.022112
1091.000000,0.001000,2.000000,1092.409302,0.044224,0.022112
1092.000000,0.001000,2.000000,1092.378174,0.044224,0.022112
1090.000000,0.001000,2.000000,1092.369751,0.044224,0.022112
1092.000000,0.001000,2.000000,1092.317383,0.044224,0.022112
1089.000000,0.001000,2.000000,1092.310425,0.044224,0.022112
1091.000000,0.001000,2.000000,1092.237183,0.044224,0.022112
1095.000000,0.001000,2.000000,1092.209839,0.044224,0.022112
1091.000000,0.001000,2.000000,1092.271484,0.044224,0.022112
1091.000000,0.001000,2.000000,1092.243408,0.044224,0.022112
1089.000000,0.001000,2.000000,1092.215942,0.044224,0.022112
1092.000000,0.001000,2.000000,1092.144775,0.044224,0.022112
1091.000000,0.001000,2.000000,1092.141602,0.044224,0.022112
40.921875
1096.000000,0.001000,2.000000,1092.116333,0.044224,0.022112
1094.000000,0.001000,2.000000,1092.202148,0.044224,0.022112
1092.000000,0.001000,2.000000,1092.241943,0.044224,0.022112
1089.000000,0.001000,2.000000,1092.236572,0.044224,0.022112
1093.000000,0.001000,2.000000,1092.165039,0.044224,0.022112
1091.000000,0.001000,2.000000,1092.183472,0.044224,0.022112
1092.000000,0.001000,2.000000,1092.157349,0.044224,0.022112
1092.000000,0.001000,2.000000,1092.153809,0.044224,0.022112
1091.000000,0.001000,2.000000,1092.150391,0.044224,0.022112
1094.000000,0.001000,2.000000,1092.125000,0.044224,0.022112
1094.000000,0.001000,2.000000,1092.166504,0.044224,0.022112
1090.000000,0.001000,2.000000,1092.207031,0.044224,0.022112
1089.000000,0.001000,2.000000,1092.158203,0.044224,0.022112
1092.000000,0.001000,2.000000,1092.088379,0.044224,0.022112
1094.000000,0.001000,2.000000,1092.086426,0.044224,0.022112
1091.000000,0.001000,2.000000,1092.128784,0.044224,0.022112
1089.000000,0.001000,2.000000,1092.103882,0.044224,0.022112
1093.000000,0.001000,2.000000,1092.035278,0.044224,0.022112
1092.000000,0.001000,2.000000,1092.056641,0.044224,0.022112
1095.000000,0.001000,2.000000,1092.055420,0.044224,0.022112
1089.000000,0.001000,2.000000,1092.120483,0.044224,0.022112
1091.000000,0.001000,2.000000,1092.051514,0.044224,0.022112
1093.000000,0.001000,2.000000,1092.028320,0.044224,0.022112
1092.000000,0.001000,2.000000,1092.049805,0.044224,0.022112
1091.000000,0.001000,2.000000,1092.048706,0.044224,0.022112
1091.000000,0.001000,2.000000,1092.025513,0.044224,0.022112
1091.000000,0.001000,2.000000,1092.002808,0.044224,0.022112
1089.000000,0.001000,2.000000,1091.980591,0.044224,0.022112
1089.000000,0.001000,2.000000,1091.914673,0.044224,0.022112
1090.000000,0.001000,2.000000,1091.850220,0.044224,0.022112
1091.000000,0.001000,2.000000,1091.809326,0.044224,0.022112
1089.000000,0.001000,2.000000,1091.791382,0.044224,0.022112
1091.000000,0.001000,2.000000,1091.729614,0.044224,0.022112
1091.000000,0.001000,2.000000,1091.713501,0.044224,0.022112
1095.000000,0.001000,2.000000,1091.697754,0.044224,0.022112
1091.000000,0.001000,2.000000,1091.770752,0.044224,0.022112
1091.000000,0.001000,2.000000,1091.753662,0.044224,0.022112
1089.000000,0.001000,2.000000,1091.736938,0.044224,0.022112
1089.000000,0.001000,2.000000,1091.676392,0.044224,0.022112
1089.000000,0.001000,2.000000,1091.617188,0.044224,0.022112
1090.000000,0.001000,2.000000,1091.559326,0.044224,0.022112
1091.000000,0.001000,2.000000,1091.524902,0.044224,0.022112
1094.000000,0.001000,2.000000,1091.513306,0.044224,0.022112
40.628906
1092.000000,0.001000,2.000000,1091.568237,0.044224,0.022112
1091.000000,0.001000,2.000000,1091.577759,0.044224,0.022112
1091.000000,0.001000,2.000000,1091.564941,0.044224,0.022112
1094.000000,0.001000,2.000000,1091.552490,0.044224,0.022112
1094.000000,0.001000,2.000000,1091.606567,0.044224,0.022112
1093.000000,0.001000,2.000000,1091.659546,0.044224,0.022112
1091.000000,0.001000,2.000000,1091.689209,0.044224,0.022112
1092.000000,0.001000,2.000000,1091.673950,0.044224,0.022112
1091.000000,0.001000,2.000000,1091.681152,0.044224,0.022112
1092.000000,0.001000,2.000000,1091.666138,0.044224,0.022112
1091.000000,0.001000,2.000000,1091.673462,0.044224,0.022112
1093.000000,0.001000,2.000000,1091.658569,0.044224,0.022112
1094.000000,0.001000,2.000000,1091.688232,0.044224,0.022112
1090.000000,0.001000,2.000000,1091.739380,0.044224,0.022112
1090.000000,0.001000,2.000000,1091.700928,0.044224,0.022112
1092.000000,0.001000,2.000000,1091.663330,0.044224,0.022112
1092.000000,0.001000,2.000000,1091.670776,0.044224,0.022112
1094.000000,0.001000,2.000000,1091.678101,0.044224,0.022112
1091.000000,0.001000,2.000000,1091.729492,0.044224,0.022112
1091.000000,0.001000,2.000000,1091.713379,0.044224,0.022112
1091.000000,0.001000,2.000000,1091.697632,0.044224,0.022112
1091.000000,0.001000,2.000000,1091.682251,0.044224,0.022112
1091.000000,0.001000,2.000000,1091.667114,0.044224,0.022112
1092.000000,0.001000,2.000000,1091.652344,0.044224,0.022112
1090.000000,0.001000,2.000000,1091.660034,0.044224,0.022112
1090.000000,0.001000,2.000000,1091.623291,0.044224,0.022112
1091.000000,0.001000,2.000000,1091.587402,0.044224,0.022112
1091.000000,0.001000,2.000000,1091.574463,0.044224,0.022112
1098.000000,0.001000,2.000000,1091.561768,0.044224,0.022112
1094.000000,0.001000,2.000000,1091.704102,0.044224,0.022112
1093.000000,0.001000,2.000000,1091.754883,0.044224,0.022112
1093.000000,0.001000,2.000000,1091.782471,0.044224,0.022112
1093.000000,0.001000,2.000000,1091.809448,0.044224,0.022112
1091.000000,0.001000,2.000000,1091.835815,0.044224,0.022112
1093.000000,0.001000,2.000000,1091.817383,0.044224,0.022112
1094.000000,0.001000,2.000000,1091.843506,0.044224,0.022112
1092.000000,0.001000,2.000000,1091.891235,0.044224,0.022112
1091.000000,0.001000,2.000000,1091.893677,0.044224,0.022112
1091.000000,0.001000,2.000000,1091.873901,0.044224,0.022112
1092.000000,0.001000,2.000000,1091.854614,0.044224,0.022112
1091.000000,0.001000,2.000000,1091.857788,0.044224,0.022112
1094.000000,0.001000,2.000000,1091.838867,0.044224,0.022112
1091.000000,0.001000,2.000000,1091.886597,0.044224,0.022112
40.628906
1091.000000,0.001000,2.000000,1091.866943,0.044224,0.022112
1092.000000,0.001000,2.000000,1091.847778,0.044224,0.022112
1095.000000,0.001000,2.000000,1091.851196,0.044224,0.022112
1094.000000,0.001000,2.000000,1091.920776,0.044224,0.022112
1091.000000,0.001000,2.000000,1091.966797,0.044224,0.022112
1094.000000,0.001000,2.000000,1091.945435,0.044224,0.022112
1091.000000,0.001000,2.000000,1091.990845,0.044224,0.022112
1093.000000,0.001000,2.000000,1091.968994,0.044224,0.022112
1094.000000,0.001000,2.000000,1091.991821,0.044224,0.022112
1089.000000,0.001000,2.000000,1092.036255,0.044224,0.022112
1093.000000,0.001000,2.000000,1091.969116,0.044224,0.022112
1094.000000,0.001000,2.000000,1091.991943,0.044224,0.022112
1089.000000,0.001000,2.000000,1092.036377,0.044224,0.022112
1091.000000,0.001000,2.000000,1091.969238,0.044224,0.022112
1094.000000,0.001000,2.000000,1091.947754,0.044224,0.022112
1094.000000,0.001000,2.000000,1091.993164,0.044224,0.022112
1091.000000,0.001000,2.000000,1092.037598,0.044224,0.022112
1092.000000,0.001000,2.000000,1092.014648,0.044224,0.022112
1091.000000,0.001000,2.000000,1092.014282,0.044224,0.022112
1089.000000,0.001000,2.000000,1091.991821,0.044224,0.022112
1093.000000,0.001000,2.000000,1091.925659,0.044224,0.022112
1094.000000,0.001000,2.000000,1091.949463,0.044224,0.022112
1092.000000,0.001000,2.000000,1091.994751,0.044224,0.022112
1093.000000,0.001000,2.000000,1091.994873,0.044224,0.022112
1094.000000,0.001000,2.000000,1092.017090,0.044224,0.022112
1093.000000,0.001000,2.000000,1092.060913,0.044224,0.022112
1094.000000,0.001000,2.000000,1092.081665,0.044224,0.022112
1089.000000,0.001000,2.000000,1092.124023,0.044224,0.022112
1089.000000,0.001000,2.000000,1092.054932,0.044224,0.022112
1091.000000,0.001000,2.000000,1091.987427,0.044224,0.022112
1094.000000,0.001000,2.000000,1091.965576,0.044224,0.022112
1088.000000,0.001000,2.000000,1092.010620,0.044224,0.022112
1094.000000,0.001000,2.000000,1091.921997,0.044224,0.022112
1092.000000,0.001000,2.000000,1091.967896,0.044224,0.022112
1092.000000,0.001000,2.000000,1091.968628,0.044224,0.022112
1097.000000,0.001000,2.000000,1091.969360,0.044224,0.022112
1094.000000,0.001000,2.000000,1092.080566,0.044224,0.022112
1089.000000,0.001000,2.000000,1092.123047,0.044224,0.022112
1091.000000,0.001000,2.000000,1092.053955,0.044224,0.022112
1091.000000,0.001000,2.000000,1092.030640,0.044224,0.022112
1090.000000,0.001000,2.000000,1092.007813,0.044224,0.022112
1091.000000,0.001000,2.000000,1091.963379,0.044224,0.022112
1091.000000,0.001000,2.000000,1091.942017,0.044224,0.022112
40.628906
1091.000000,0.001000,2.000000,1091.921143,0.044224,0.022112
1091.000000,0.001000,2.000000,1091.900757,0.044224,0.022112
1092.000000,0.001000,2.000000,1091.880859,0.044224,0.022112
1095.000000,0.001000,2.000000,1091.883545,0.044224,0.022112
1092.000000,0.001000,2.000000,1091.952515,0.044224,0.022112
1092.000000,0.001000,2.000000,1091.953613,0.044224,0.022112
1092.000000,0.001000,2.000000,1091.954590,0.044224,0.022112
1097.000000,0.001000,2.000000,1091.955566,0.044224,0.022112
1091.000000,0.001000,2.000000,1092.067139,0.044224,0.022112
1092.000000,0.001000,2.000000,1092.043579,0.044224,0.022112
1092.000000,0.001000,2.000000,1092.042603,0.044224,0.022112
1089.000000,0.001000,2.000000,1092.041626,0.044224,0.022112
1091.000000,0.001000,2.000000,1091.974365,0.044224,0.022112
1092.000000,0.001000,2.000000,1091.952881,0.044224,0.022112
1092.000000,0.001000,2.000000,1091.953979,0.044224,0.022112
1092.000000,0.001000,2.000000,1091.954956,0.044224,0.022112
1094.000000,0.001000,2.000000,1091.955933,0.044224,0.022112
1094.000000,0.001000,2.000000,1092.001099,0.044224,0.022112
1091.000000,0.001000,2.000000,1092.045288,0.044224,0.022112
1092.000000,0.001000,2.000000,1092.022217,0.044224,0.022112
1091.000000,0.001000,2.000000,1092.021729,0.044224,0.022112
1092.000000,0.001000,2.000000,1091.999146,0.044224,0.022112
1091.000000,0.001000,2.000000,1091.999146,0.044224,0.022112
1094.000000,0.001000,2.000000,1091.977051,0.044224,0.022112
1094.000000,0.001000,2.000000,1092.021729,0.044224,0.022112
1089.000000,0.001000,2.000000,1092.065430,0.044224,0.022112
1093.000000,0.001000,2.000000,1091.997681,0.044224,0.022112
1091.000000,0.001000,2.000000,1092.019897,0.044224,0.022112
1091.000000,0.001000,2.000000,1091.997314,0.044224,0.022112
1091.000000,0.001000,2.000000,1091.975220,0.044224,0.022112
1095.000000,0.001000,2.000000,1091.953613,0.044224,0.022112
1090.000000,0.001000,2.000000,1092.020996,0.044224,0.022112
1091.000000,0.001000,2.000000,1091.976318,0.044224,0.022112
1092.000000,0.001000,2.000000,1091.954712,0.044224,0.022112
1091.000000,0.001000,2.000000,1091.955688,0.044224,0.022112
1090.000000,0.001000,2.000000,1091.934570,0.044224,0.022112
1091.000000,0.001000,2.000000,1091.891846,0.044224,0.022112
1093.000000,0.001000,2.000000,1091.872070,0.044224,0.022112
1091.000000,0.001000,2.000000,1091.896973,0.044224,0.022112
1094.000000,0.001000,2.000000,1091.877197,0.044224,0.022112
1092.000000,0.001000,2.000000,1091.924194,0.044224,0.022112
1097.000000,0.001000,2.000000,1091.925903,0.044224,0.022112
1089.000000,0.001000,2.000000,1092.038086,0.044224,0.022112
40.628906
1092.000000,0.001000,2.000000,1091.970947,0.044224,0.022112
1091.000000,0.001000,2.000000,1091.971558,0.044224,0.022112
1090.000000,0.001000,2.000000,1091.950073,0.044224,0.022112
1091.000000,0.001000,2.000000,1091.906982,0.044224,0.022112
1096.000000,0.001000,2.000000,1091.886963,0.044224,0.022112
1091.000000,0.001000,2.000000,1091.977905,0.044224,0.022112
1091.000000,0.001000,2.000000,1091.956299,0.044224,0.022112
1091.000000,0.001000,2.000000,1091.935181,0.044224,0.022112
1090.000000,0.001000,2.000000,1091.914551,0.044224,0.022112
1093.000000,0.001000,2.000000,1091.872192,0.044224,0.022112
1094.000000,0.001000,2.000000,1091.897095,0.044224,0.022112
1092.000000,0.001000,2.000000,1091.943604,0.044224,0.022112
1089.000000,0.001000,2.000000,1091.944824,0.044224,0.022112
1092.000000,0.001000,2.000000,1091.879761,0.044224,0.022112
1092.000000,0.001000,2.000000,1091.882446,0.044224,0.022112
1091.000000,0.001000,2.000000,1091.885010,0.044224,0.022112
1094.000000,0.001000,2.000000,1091.865479,0.044224,0.022112
1092.000000,0.001000,2.000000,1091.912720,0.044224,0.022112
1092.000000,0.001000,2.000000,1091.914673,0.044224,0.022112
1089.000000,0.001000,2.000000,1091.916504,0.044224,0.022112
1091.000000,0.001000,2.000000,1091.852051,0.044224,0.022112
1092.000000,0.001000,2.000000,1091.833252,0.044224,0.022112
1092.000000,0.001000,2.000000,1091.836914,0.044224,0.022112
1093.000000,0.001000,2.000000,1091.840576,0.044224,0.022112
1089.000000,0.001000,2.000000,1091.866211,0.044224,0.022112
1091.000000,0.001000,2.000000,1091.802856,0.044224,0.022112
1089.000000,0.001000,2.000000,1091.785156,0.044224,0.022112
1092.000000,0.001000,2.000000,1091.723511,0.044224,0.022112
1091.000000,0.001000,2.000000,1091.729614,0.044224,0.022112
1091.000000,0.001000,2.000000,1091.713501,0.044224,0.022112
1089.000000,0.001000,2.000000,1091.697754,0.044224,0.022112
1092.000000,0.001000,2.000000,1091.638062,0.044224,0.022112
1095.000000,0.001000,2.000000,1091.646118,0.044224,0.022112
1092.000000,0.001000,2.000000,1091.720337,0.044224,0.022112
1092.000000,0.001000,2.000000,1091.726563,0.044224,0.022112
1092.000000,0.001000,2.000000,1091.732666,0.044224,0.022112
1091.000000,0.001000,2.000000,1091.738525,0.044224,0.022112
1094.000000,0.001000,2.000000,1091.722168,0.044224,0.022112
1091.000000,0.001000,2.000000,1091.772583,0.044224,0.022112
1091.000000,0.001000,2.000000,1091.755493,0.044224,0.022112
1093.000000,0.001000,2.000000,1091.738770,0.044224,0.022112
1092.000000,0.001000,2.000000,1091.766602,0.044224,0.022112
1092.000000,0.001000,2.000000,1091.771729,0.044224,0.022112
40.628906
1093.000000,0.001000,2.000000,1091.776733,0.044224,0.022112
1096.000000,0.001000,2.000000,1091.803833,0.044224,0.022112
1092.000000,0.001000,2.000000,1091.896606,0.044224,0.022112
1089.000000,0.001000,2.000000,1091.898926,0.044224,0.022112
1092.000000,0.001000,2.000000,1091.834839,0.044224,0.022112
1091.000000,0.001000,2.000000,1091.838501,0.044224,0.022112
1091.000000,0.001000,2.000000,1091.819946,0.044224,0.022112
1091.000000,0.001000,2.000000,1091.801758,0.044224,0.022112
1093.000000,0.001000,2.000000,1091.784058,0.044224,0.022112
1090.000000,0.001000,2.000000,1091.810913,0.044224,0.022112
1093.000000,0.001000,2.000000,1091.770874,0.044224,0.022112
1093.000000,0.001000,2.000000,1091.798096,0.044224,0.022112
1094.000000,0.001000,2.000000,1091.824707,0.044224,0.022112
1092.000000,0.001000,2.000000,1091.872803,0.044224,0.022112
1092.000000,0.001000,2.000000,1091.875610,0.044224,0.022112
1092.000000,0.001000,2.000000,1091.878418,0.044224,0.022112
1091.000000,0.001000,2.000000,1091.881104,0.044224,0.022112
1093.000000,0.001000,2.000000,1091.861572,0.044224,0.022112
1091.000000,0.001000,2.000000,1091.886719,0.044224,0.022112
1090.000000,0.001000,2.000000,1091.867065,0.044224,0.022112
1089.000000,0.001000,2.000000,1091.825806,0.044224,0.022112
1091.000000,0.001000,2.000000,1091.763306,0.044224,0.022112
1093.000000,0.001000,2.000000,1091.746460,0.044224,0.022112
1090.000000,0.001000,2.000000,1091.774170,0.044224,0.022112
1089.000000,0.001000,2.000000,1091.734985,0.044224,0.022112
1092.000000,0.001000,2.000000,1091.674561,0.044224,0.022112
1091.000000,0.001000,2.000000,1091.681763,0.044224,0.022112
1097.000000,0.001000,2.000000,1091.666748,0.044224,0.022112
1092.000000,0.001000,2.000000,1091.784668,0.044224,0.022112
1094.000000,0.001000,2.000000,1091.789429,0.044224,0.022112
1091.000000,0.001000,2.000000,1091.838257,0.044224,0.022112
1094.000000,0.001000,2.000000,1091.819702,0.044224,0.022112
1091.000000,0.001000,2.000000,1091.867920,0.044224,0.022112
1092.000000,0.001000,2.000000,1091.848755,0.044224,0.022112
1093.000000,0.001000,2.000000,1091.852051,0.044224,0.022112
1091.000000,0.001000,2.000000,1091.877441,0.044224,0.022112
1091.000000,0.001000,2.000000,1091.858032,0.044224,0.022112
1093.000000,0.001000,2.000000,1091.839111,0.044224,0.022112
1094.000000,0.001000,2.000000,1091.864746,0.044224,0.022112
1092.000000,0.001000,2.000000,1091.911987,0.044224,0.022112
1092.000000,0.001000,2.000000,1091.913940,0.044224,0.022112
1092.000000,0.001000,2.000000,1091.915894,0.044224,0.022112
1091.000000,0.001000,2.000000,1091.917725,0.044224,0.022112
40.628906
1092.000000,0.001000,2.000000,1091.897461,0.044224,0.022112
1094.000000,0.001000,2.000000,1091.899780,0.044224,0.022112
1091.000000,0.001000,2.000000,1091.946167,0.044224,0.022112
1094.000000,0.001000,2.000000,1091.925293,0.044224,0.022112
1094.000000,0.001000,2.000000,1091.971191,0.044224,0.022112
1092.000000,0.001000,2.000000,1092.016113,0.044224,0.022112
1092.000000,0.001000,2.000000,1092.015747,0.044224,0.022112
1092.000000,0.001000,2.000000,1092.015381,0.044224,0.022112
1090.000000,0.001000,2.000000,1092.015015,0.044224,0.022112
1089.000000,0.001000,2.000000,1091.970459,0.044224,0.022112
1090.000000,0.001000,2.000000,1091.904785,0.044224,0.022112
1092.000000,0.001000,2.000000,1091.862671,0.044224,0.022112
1092.000000,0.001000,2.000000,1091.865723,0.044224,0.022112
1092.000000,0.001000,2.000000,1091.868652,0.044224,0.022112
1089.000000,0.001000,2.000000,1091.871582,0.044224,0.022112
1094.000000,0.001000,2.000000,1091.808105,0.044224,0.022112
1091.000000,0.001000,2.000000,1091.856567,0.044224,0.022112
1092.000000,0.001000,2.000000,1091.837646,0.044224,0.022112
1094.000000,0.001000,2.000000,1091.841187,0.044224,0.022112
1089.000000,0.001000,2.000000,1091.888916,0.044224,0.022112
1091.000000,0.001000,2.000000,1091.825073,0.044224,0.022112
1094.000000,0.001000,2.000000,1091.806885,0.044224,0.022112
1093.000000,0.001000,2.000000,1091.855347,0.044224,0.022112
1094.000000,0.001000,2.000000,1091.880615,0.044224,0.022112
1090.000000,0.001000,2.000000,1091.927490,0.044224,0.022112
1092.000000,0.001000,2.000000,1091.884888,0.044224,0.022112
1091.000000,0.001000,2.000000,1091.887451,0.044224,0.022112
1094.000000,0.001000,2.000000,1091.867798,0.044224,0.022112
1092.000000,0.001000,2.000000,1091.914917,0.044224,0.022112
1092.000000,0.001000,2.000000,1091.916748,0.044224,0.022112
1093.000000,0.001000,2.000000,1091.918579,0.044224,0.022112
1089.000000,0.001000,2.000000,1091.942505,0.044224,0.022112
1091.000000,0.001000,2.000000,1091.877441,0.044224,0.022112
1095.000000,0.001000,2.000000,1091.858032,0.044224,0.022112
1094.000000,0.001000,2.000000,1091.927490,0.044224,0.022112
1094.000000,0.001000,2.000000,1091.973267,0.044224,0.022112
1092.000000,0.001000,2.000000,1092.018066,0.044224,0.022112